  Principal QN n  Azimuthal QN l
               1               0
 Electron Energy Probability dst
  0.10000000E+01  0.35390413E-10
  0.10420978E+01  0.35398170E-10
  0.10859679E+01  0.35406128E-10
  0.11316847E+01  0.35414285E-10
  0.11793262E+01  0.35422638E-10
  0.12289732E+01  0.35431184E-10
  0.12807103E+01  0.35439917E-10
  0.13346254E+01  0.35448832E-10
  0.13908102E+01  0.35457919E-10
  0.14493603E+01  0.35467172E-10
  0.15103752E+01  0.35476577E-10
  0.15739587E+01  0.35486123E-10
  0.16402189E+01  0.35495795E-10
  0.17092686E+01  0.35505576E-10
  0.17812250E+01  0.35515447E-10
  0.18562107E+01  0.35525392E-10
  0.19343531E+01  0.35535392E-10
  0.20157852E+01  0.35545424E-10
  0.21006453E+01  0.35555465E-10
  0.21890779E+01  0.35565492E-10
  0.22812333E+01  0.35575477E-10
  0.23772682E+01  0.35585392E-10
  0.24773460E+01  0.35595206E-10
  0.25816369E+01  0.35604887E-10
  0.26903181E+01  0.35614402E-10
  0.28035747E+01  0.35623715E-10
  0.29215990E+01  0.35632781E-10
  0.30445920E+01  0.35641542E-10
  0.31727626E+01  0.35649931E-10
  0.33063290E+01  0.35657874E-10
  0.34455182E+01  0.35665291E-10
  0.35905670E+01  0.35672095E-10
  0.37417220E+01  0.35678188E-10
  0.38992403E+01  0.35683466E-10
  0.40633898E+01  0.35687813E-10
  0.42344497E+01  0.35691104E-10
  0.44127107E+01  0.35693203E-10
  0.45984762E+01  0.35693973E-10
  0.47920620E+01  0.35693294E-10
  0.49937974E+01  0.35691049E-10
  0.52040253E+01  0.35687119E-10
  0.54231034E+01  0.35681386E-10
  0.56514042E+01  0.35673734E-10
  0.58893160E+01  0.35664055E-10
  0.61372433E+01  0.35652247E-10
  0.63956078E+01  0.35638218E-10
  0.66648489E+01  0.35621896E-10
  0.69454245E+01  0.35603216E-10
  0.72378117E+01  0.35582050E-10
  0.75425078E+01  0.35558209E-10
  0.78600309E+01  0.35531500E-10
  0.81909210E+01  0.35501725E-10
  0.85357408E+01  0.35468678E-10
  0.88950769E+01  0.35432154E-10
  0.92695402E+01  0.35391945E-10
  0.96597676E+01  0.35347844E-10
  0.10066423E+02  0.35299651E-10
  0.10490197E+02  0.35247167E-10
  0.10931811E+02  0.35190210E-10
  0.11392017E+02  0.35128610E-10
  0.11871596E+02  0.35062224E-10
  0.12371364E+02  0.34990936E-10
  0.12892171E+02  0.34914630E-10
  0.13434904E+02  0.34833149E-10
  0.14000484E+02  0.34746356E-10
  0.14589873E+02  0.34654147E-10
  0.15204075E+02  0.34556463E-10
  0.15844134E+02  0.34453287E-10
  0.16511137E+02  0.34344504E-10
  0.17206220E+02  0.34229895E-10
  0.17930564E+02  0.34109250E-10
  0.18685402E+02  0.33982370E-10
  0.19472016E+02  0.33849072E-10
  0.20291745E+02  0.33709199E-10
  0.21145984E+02  0.33562591E-10
  0.22036183E+02  0.33409057E-10
  0.22963858E+02  0.33248420E-10
  0.23930587E+02  0.33080530E-10
  0.24938012E+02  0.32905274E-10
  0.25987848E+02  0.32722649E-10
  0.27081880E+02  0.32532761E-10
  0.28221967E+02  0.32335811E-10
  0.29410051E+02  0.32132071E-10
  0.30648149E+02  0.31921501E-10
  0.31938370E+02  0.31703841E-10
  0.33282905E+02  0.31478805E-10
  0.34684043E+02  0.31246121E-10
  0.36144165E+02  0.31005731E-10
  0.37665755E+02  0.30757690E-10
  0.39251401E+02  0.30502112E-10
  0.40903800E+02  0.30239182E-10
  0.42625760E+02  0.29968948E-10
  0.44420211E+02  0.29691114E-10
  0.46290205E+02  0.29405293E-10
  0.48238922E+02  0.29111277E-10
  0.50269675E+02  0.28809313E-10
  0.52385918E+02  0.28499794E-10
  0.54591251E+02  0.28182954E-10
  0.56889423E+02  0.27858628E-10
  0.59284344E+02  0.27526566E-10
  0.61780085E+02  0.27186602E-10
  0.64380892E+02  0.26838760E-10
  0.67091186E+02  0.26483094E-10
  0.69915579E+02  0.26119699E-10
  0.72858872E+02  0.25748832E-10
  0.75926071E+02  0.25370824E-10
  0.79122393E+02  0.24985712E-10
  0.82453272E+02  0.24593207E-10
  0.85924375E+02  0.24193129E-10
  0.89541603E+02  0.23785727E-10
  0.93311109E+02  0.23371341E-10
  0.97239303E+02  0.22950222E-10
  0.10133287E+03  0.22522519E-10
  0.10559876E+03  0.22088418E-10
  0.11004423E+03  0.21648267E-10
  0.11467686E+03  0.21202329E-10
  0.11950450E+03  0.20750511E-10
  0.12453538E+03  0.20292848E-10
  0.12977805E+03  0.19830004E-10
  0.13524142E+03  0.19362737E-10
  0.14093479E+03  0.18891135E-10
  0.14686783E+03  0.18415038E-10
  0.15305065E+03  0.17935396E-10
  0.15949375E+03  0.17453114E-10
  0.16620808E+03  0.16968123E-10
  0.17320508E+03  0.16480611E-10
  0.18049664E+03  0.15991111E-10
  0.18809515E+03  0.15500230E-10
  0.19601354E+03  0.15008733E-10
  0.20426529E+03  0.14517683E-10
  0.21286441E+03  0.14027679E-10
  0.22182553E+03  0.13538703E-10
  0.23116391E+03  0.13051436E-10
  0.24089540E+03  0.12566765E-10
  0.25103657E+03  0.12085366E-10
  0.26160466E+03  0.11607977E-10
  0.27261765E+03  0.11135316E-10
  0.28409425E+03  0.10668023E-10
  0.29605400E+03  0.10206794E-10
  0.30851723E+03  0.97521302E-11
  0.32150513E+03  0.93048033E-11
  0.33503979E+03  0.88657780E-11
  0.34914423E+03  0.84350256E-11
  0.36384244E+03  0.80135472E-11
  0.37915941E+03  0.76020723E-11
  0.39512120E+03  0.72009189E-11
  0.41175493E+03  0.68104781E-11
  0.42908892E+03  0.64308282E-11
  0.44715262E+03  0.60632125E-11
  0.46597677E+03  0.57075349E-11
  0.48559337E+03  0.53642695E-11
  0.50603579E+03  0.50329650E-11
  0.52733880E+03  0.47147670E-11
  0.54953861E+03  0.44093863E-11
  0.57267298E+03  0.41169483E-11
  0.59678126E+03  0.38374929E-11
  0.62190445E+03  0.35708304E-11
  0.64808527E+03  0.33172595E-11
  0.67536824E+03  0.30764473E-11
  0.70379977E+03  0.28482620E-11
  0.73342820E+03  0.26324889E-11
  0.76430392E+03  0.24289134E-11
  0.79647945E+03  0.22372508E-11
  0.83000949E+03  0.20572283E-11
  0.86495108E+03  0.18884656E-11
  0.90136363E+03  0.17305535E-11
  0.93930906E+03  0.15831479E-11
  0.97885192E+03  0.14458453E-11
  0.10200594E+04  0.13182385E-11
  0.10630017E+04  0.11999159E-11
  0.11077518E+04  0.10903204E-11
  0.11543857E+04  0.98908343E-12
  0.12029828E+04  0.89576217E-12
  0.12536258E+04  0.80997135E-12
  0.13064007E+04  0.73116722E-12
  0.13613973E+04  0.65893894E-12
  0.14187091E+04  0.59288773E-12
  0.14784337E+04  0.53261380E-12
  0.15406725E+04  0.47773142E-12
  0.16055315E+04  0.42783947E-12
  0.16731208E+04  0.38252752E-12
  0.17435555E+04  0.34150352E-12
  0.18169554E+04  0.30442138E-12
  0.18934453E+04  0.27097233E-12
  0.19731552E+04  0.24081758E-12
  0.20562207E+04  0.21370483E-12
  0.21427831E+04  0.18936794E-12
  0.22329896E+04  0.16757129E-12
  0.23269936E+04  0.14807825E-12
  0.24249549E+04  0.13066643E-12
  0.25270402E+04  0.11514346E-12
  0.26334231E+04  0.10132579E-12
  0.27442844E+04  0.89050349E-13
  0.28598128E+04  0.78159234E-13
  0.29802047E+04  0.68514615E-13
  0.31056648E+04  0.59987339E-13
  0.32364065E+04  0.52454371E-13
  0.33726521E+04  0.45811906E-13
  0.35146334E+04  0.39964500E-13
  0.36625918E+04  0.34823189E-13
  0.38167789E+04  0.30309294E-13
  0.39774570E+04  0.26351956E-13
  0.41448992E+04  0.22886875E-13
  0.43193904E+04  0.19856589E-13
  0.45012273E+04  0.17209680E-13
  0.46907191E+04  0.14900701E-13
  0.48881882E+04  0.12889124E-13
  0.50939702E+04  0.11138686E-13
  0.53084152E+04  0.96169555E-14
  0.55318879E+04  0.82954020E-14
  0.57647683E+04  0.71492385E-14
  0.60074524E+04  0.61558308E-14
  0.62603530E+04  0.52959153E-14
  0.65239002E+04  0.45524116E-14
  0.67985421E+04  0.39101007E-14
  0.70847459E+04  0.33556674E-14
  0.73829982E+04  0.28772886E-14
  0.76938063E+04  0.24651837E-14
  0.80176987E+04  0.21104606E-14
  0.83552263E+04  0.18053800E-14
  0.87069631E+04  0.15433352E-14
  0.90735072E+04  0.13182410E-14
  0.94554820E+04  0.11250933E-14
  0.98535372E+04  0.95944729E-15
  0.10268350E+05  0.81767283E-15
  0.10700625E+05  0.69628268E-15
  0.11151098E+05  0.59257367E-15
  0.11620534E+05  0.50387160E-15
  0.12109733E+05  0.42821260E-15
  0.12619527E+05  0.36360807E-15
  0.13150781E+05  0.30850732E-15
  0.13704400E+05  0.26162967E-15
  0.14281326E+05  0.22170829E-15
  0.14882538E+05  0.18780737E-15
  0.15509061E+05  0.15894492E-15
  0.16161958E+05  0.13444347E-15
  0.16842341E+05  0.11364192E-15
  0.17551367E+05  0.96001694E-16
  0.18290241E+05  0.81073621E-16
  0.19060220E+05  0.68405934E-16
  0.19862614E+05  0.57693125E-16
  0.20698787E+05  0.48638138E-16
  0.21570160E+05  0.40998509E-16
  0.22478217E+05  0.34510917E-16
  0.23424501E+05  0.29048291E-16
  0.24410621E+05  0.24435805E-16
  0.25438255E+05  0.20542684E-16
  0.26509150E+05  0.17271901E-16
  0.27625127E+05  0.14503224E-16
  0.28788085E+05  0.12175104E-16
  0.30000000E+05  0.10218413E-16
  Principal QN n  Azimuthal QN l
               2               0
 Electron Energy Probability dst
  0.10000000E+01  0.80440324E-09
  0.10420978E+01  0.80564199E-09
  0.10859679E+01  0.80692215E-09
  0.11316847E+01  0.80824441E-09
  0.11793262E+01  0.80960939E-09
  0.12289732E+01  0.81101761E-09
  0.12807103E+01  0.81246948E-09
  0.13346254E+01  0.81396532E-09
  0.13908102E+01  0.81550543E-09
  0.14493603E+01  0.81709012E-09
  0.15103752E+01  0.81871959E-09
  0.15739587E+01  0.82039390E-09
  0.16402189E+01  0.82211298E-09
  0.17092686E+01  0.82387659E-09
  0.17812250E+01  0.82568430E-09
  0.18562107E+01  0.82753548E-09
  0.19343531E+01  0.82942927E-09
  0.20157852E+01  0.83136443E-09
  0.21006453E+01  0.83333940E-09
  0.21890779E+01  0.83535227E-09
  0.22812333E+01  0.83740073E-09
  0.23772682E+01  0.83948206E-09
  0.24773460E+01  0.84159305E-09
  0.25816369E+01  0.84373074E-09
  0.26903181E+01  0.84589271E-09
  0.28035747E+01  0.84807644E-09
  0.29215990E+01  0.85027926E-09
  0.30445920E+01  0.85249835E-09
  0.31727626E+01  0.85473063E-09
  0.33063290E+01  0.85697295E-09
  0.34455182E+01  0.85922209E-09
  0.35905670E+01  0.86147367E-09
  0.37417220E+01  0.86371837E-09
  0.38992403E+01  0.86594427E-09
  0.40633898E+01  0.86813760E-09
  0.42344497E+01  0.87028288E-09
  0.44127107E+01  0.87236857E-09
  0.45984762E+01  0.87438689E-09
  0.47920620E+01  0.87633037E-09
  0.49937974E+01  0.87819197E-09
  0.52040253E+01  0.87996498E-09
  0.54231034E+01  0.88163707E-09
  0.56514042E+01  0.88318956E-09
  0.58893160E+01  0.88460161E-09
  0.61372433E+01  0.88585025E-09
  0.63956078E+01  0.88691203E-09
  0.66648489E+01  0.88777031E-09
  0.69454245E+01  0.88841105E-09
  0.72378117E+01  0.88882127E-09
  0.75425078E+01  0.88898846E-09
  0.78600309E+01  0.88889321E-09
  0.81909210E+01  0.88851187E-09
  0.85357408E+01  0.88782004E-09
  0.88950769E+01  0.88679260E-09
  0.92695402E+01  0.88540282E-09
  0.96597676E+01  0.88362319E-09
  0.10066423E+02  0.88142603E-09
  0.10490197E+02  0.87878875E-09
  0.10931811E+02  0.87569873E-09
  0.11392017E+02  0.87214684E-09
  0.11871596E+02  0.86810607E-09
  0.12371364E+02  0.86353515E-09
  0.12892171E+02  0.85841048E-09
  0.13434904E+02  0.85272957E-09
  0.14000484E+02  0.84648575E-09
  0.14589873E+02  0.83966476E-09
  0.15204075E+02  0.83225439E-09
  0.15844134E+02  0.82423649E-09
  0.16511137E+02  0.81559350E-09
  0.17206220E+02  0.80631378E-09
  0.17930564E+02  0.79639557E-09
  0.18685402E+02  0.78584540E-09
  0.19472016E+02  0.77466675E-09
  0.20291745E+02  0.76286041E-09
  0.21145984E+02  0.75043315E-09
  0.22036183E+02  0.73739564E-09
  0.22963858E+02  0.72376608E-09
  0.23930587E+02  0.70956158E-09
  0.24938012E+02  0.69480244E-09
  0.25987848E+02  0.67952040E-09
  0.27081880E+02  0.66375346E-09
  0.28221967E+02  0.64751722E-09
  0.29410051E+02  0.63084666E-09
  0.30648149E+02  0.61379474E-09
  0.31938370E+02  0.59639113E-09
  0.33282905E+02  0.57867151E-09
  0.34684043E+02  0.56068813E-09
  0.36144165E+02  0.54249293E-09
  0.37665755E+02  0.52412955E-09
  0.39251401E+02  0.50564557E-09
  0.40903800E+02  0.48709155E-09
  0.42625760E+02  0.46850463E-09
  0.44420211E+02  0.44992642E-09
  0.46290205E+02  0.43143612E-09
  0.48238922E+02  0.41306809E-09
  0.50269675E+02  0.39484984E-09
  0.52385918E+02  0.37684914E-09
  0.54591251E+02  0.35910815E-09
  0.56889423E+02  0.34165193E-09
  0.59284344E+02  0.32452543E-09
  0.61780085E+02  0.30776782E-09
  0.64380892E+02  0.29139969E-09
  0.67091186E+02  0.27546606E-09
  0.69915579E+02  0.25998534E-09
  0.72858872E+02  0.24497209E-09
  0.75926071E+02  0.23046654E-09
  0.79122393E+02  0.21647403E-09
  0.82453272E+02  0.20299883E-09
  0.85924375E+02  0.19005578E-09
  0.89541603E+02  0.17766387E-09
  0.93311109E+02  0.16580908E-09
  0.97239303E+02  0.15450658E-09
  0.10133287E+03  0.14374985E-09
  0.10559876E+03  0.13353154E-09
  0.11004423E+03  0.12384682E-09
  0.11467686E+03  0.11468744E-09
  0.11950450E+03  0.10604693E-09
  0.12453538E+03  0.97905942E-10
  0.12977805E+03  0.90249936E-10
  0.13524142E+03  0.83077997E-10
  0.14093479E+03  0.76356302E-10
  0.14686783E+03  0.70072363E-10
  0.15305065E+03  0.64224036E-10
  0.15949375E+03  0.58767204E-10
  0.16620808E+03  0.53697230E-10
  0.17320508E+03  0.49000833E-10
  0.18049664E+03  0.44659877E-10
  0.18809515E+03  0.40633396E-10
  0.19601354E+03  0.36912074E-10
  0.20426529E+03  0.33483494E-10
  0.21286441E+03  0.30330490E-10
  0.22182553E+03  0.27445327E-10
  0.23116391E+03  0.24815376E-10
  0.24089540E+03  0.22417739E-10
  0.25103657E+03  0.20218805E-10
  0.26160466E+03  0.18200662E-10
  0.27261765E+03  0.16361106E-10
  0.28409425E+03  0.14693347E-10
  0.29605400E+03  0.13184213E-10
  0.30851723E+03  0.11813437E-10
  0.32150513E+03  0.10567743E-10
  0.33503979E+03  0.94434003E-11
  0.34914423E+03  0.84331999E-11
  0.36384244E+03  0.75249794E-11
  0.37915941E+03  0.67035453E-11
  0.39512120E+03  0.59632963E-11
  0.41175493E+03  0.53003555E-11
  0.42908892E+03  0.47077866E-11
  0.44715262E+03  0.41757835E-11
  0.46597677E+03  0.36990118E-11
  0.48559337E+03  0.32743897E-11
  0.50603579E+03  0.28967074E-11
  0.52733880E+03  0.25590986E-11
  0.54953861E+03  0.22582365E-11
  0.57267298E+03  0.19915502E-11
  0.59678126E+03  0.17549132E-11
  0.62190445E+03  0.15443461E-11
  0.64808527E+03  0.13580500E-11
  0.67536824E+03  0.11935528E-11
  0.70379977E+03  0.10477090E-11
  0.73342820E+03  0.91889217E-12
  0.76430392E+03  0.80550285E-12
  0.79647945E+03  0.70535500E-12
  0.83000949E+03  0.61714114E-12
  0.86495108E+03  0.53971086E-12
  0.90136363E+03  0.47153624E-12
  0.93930906E+03  0.41168991E-12
  0.97885192E+03  0.35924645E-12
  0.10200594E+04  0.31314734E-12
  0.10630017E+04  0.27280163E-12
  0.11077518E+04  0.23749735E-12
  0.11543857E+04  0.20660870E-12
  0.12029828E+04  0.17965828E-12
  0.12536258E+04  0.15607320E-12
  0.13064007E+04  0.13550170E-12
  0.13613973E+04  0.11755495E-12
  0.14187091E+04  0.10191970E-12
  0.14784337E+04  0.88316664E-13
  0.15406725E+04  0.76474405E-13
  0.16055315E+04  0.66184222E-13
  0.16731208E+04  0.57230814E-13
  0.17435555E+04  0.49465266E-13
  0.18169554E+04  0.42727388E-13
  0.18934453E+04  0.36885493E-13
  0.19731552E+04  0.31808263E-13
  0.20562207E+04  0.27411695E-13
  0.21427831E+04  0.23611884E-13
  0.22329896E+04  0.20333586E-13
  0.23269936E+04  0.17501676E-13
  0.24249549E+04  0.15046806E-13
  0.25270402E+04  0.12923670E-13
  0.26334231E+04  0.11098069E-13
  0.27442844E+04  0.95261101E-14
  0.28598128E+04  0.81681706E-14
  0.29802047E+04  0.70002749E-14
  0.31056648E+04  0.59966490E-14
  0.32364065E+04  0.51322717E-14
  0.33726521E+04  0.43899969E-14
  0.35146334E+04  0.37530205E-14
  0.36625918E+04  0.32055982E-14
  0.38167789E+04  0.27358475E-14
  0.39774570E+04  0.23352179E-14
  0.41448992E+04  0.19928788E-14
  0.43193904E+04  0.16976077E-14
  0.45012273E+04  0.14452584E-14
  0.46907191E+04  0.12309478E-14
  0.48881882E+04  0.10481744E-14
  0.50939702E+04  0.89160009E-15
  0.53084152E+04  0.75833792E-15
  0.55318879E+04  0.64501844E-15
  0.57647683E+04  0.54735889E-15
  0.60074524E+04  0.46444399E-15
  0.62603530E+04  0.39411193E-15
  0.65239002E+04  0.33480225E-15
  0.67985421E+04  0.28396688E-15
  0.70847459E+04  0.24074593E-15
  0.73829982E+04  0.20389866E-15
  0.76938063E+04  0.17283620E-15
  0.80176987E+04  0.14657217E-15
  0.83552263E+04  0.12411301E-15
  0.87069631E+04  0.10490685E-15
  0.90735072E+04  0.88865179E-16
  0.94554820E+04  0.75088502E-16
  0.98535372E+04  0.63544275E-16
  0.10268350E+05  0.53721737E-16
  0.10700625E+05  0.45458923E-16
  0.11151098E+05  0.38348320E-16
  0.11620534E+05  0.32412044E-16
  0.12109733E+05  0.27362355E-16
  0.12619527E+05  0.23106568E-16
  0.13150781E+05  0.19473767E-16
  0.13704400E+05  0.16425523E-16
  0.14281326E+05  0.13853206E-16
  0.14882538E+05  0.11633878E-16
  0.15509061E+05  0.98257380E-17
  0.16161958E+05  0.82822805E-17
  0.16842341E+05  0.69368654E-17
  0.17551367E+05  0.58497879E-17
  0.18290241E+05  0.49102300E-17
  0.19060220E+05  0.41282305E-17
  0.19862614E+05  0.34759420E-17
  0.20698787E+05  0.29123622E-17
  0.21570160E+05  0.24336627E-17
  0.22478217E+05  0.20523391E-17
  0.23424501E+05  0.17133401E-17
  0.24410621E+05  0.14418022E-17
  0.25438255E+05  0.12034421E-17
  0.26509150E+05  0.10064681E-17
  0.27625127E+05  0.84687879E-18
  0.28788085E+05  0.71038803E-18
  0.30000000E+05  0.59367690E-18
  Principal QN n  Azimuthal QN l
               2               1
 Electron Energy Probability dst
  0.10000000E+01  0.28888125E-07
  0.10420978E+01  0.28949259E-07
  0.10859679E+01  0.29011192E-07
  0.11316847E+01  0.29073869E-07
  0.11793262E+01  0.29137234E-07
  0.12289732E+01  0.29201223E-07
  0.12807103E+01  0.29265710E-07
  0.13346254E+01  0.29330530E-07
  0.13908102E+01  0.29395497E-07
  0.14493603E+01  0.29460397E-07
  0.15103752E+01  0.29524991E-07
  0.15739587E+01  0.29589011E-07
  0.16402189E+01  0.29652155E-07
  0.17092686E+01  0.29714128E-07
  0.17812250E+01  0.29774649E-07
  0.18562107E+01  0.29833419E-07
  0.19343531E+01  0.29890123E-07
  0.20157852E+01  0.29944427E-07
  0.21006453E+01  0.29995982E-07
  0.21890779E+01  0.30044417E-07
  0.22812333E+01  0.30089334E-07
  0.23772682E+01  0.30130314E-07
  0.24773460E+01  0.30166926E-07
  0.25816369E+01  0.30198729E-07
  0.26903181E+01  0.30225245E-07
  0.28035747E+01  0.30245906E-07
  0.29215990E+01  0.30260108E-07
  0.30445920E+01  0.30267209E-07
  0.31727626E+01  0.30266415E-07
  0.33063290E+01  0.30256809E-07
  0.34455182E+01  0.30237409E-07
  0.35905670E+01  0.30207438E-07
  0.37417220E+01  0.30166443E-07
  0.38992403E+01  0.30114078E-07
  0.40633898E+01  0.30050045E-07
  0.42344497E+01  0.29973594E-07
  0.44127107E+01  0.29883711E-07
  0.45984762E+01  0.29779340E-07
  0.47920620E+01  0.29659402E-07
  0.49937974E+01  0.29522992E-07
  0.52040253E+01  0.29369408E-07
  0.54231034E+01  0.29198045E-07
  0.56514042E+01  0.29008405E-07
  0.58893160E+01  0.28799897E-07
  0.61372433E+01  0.28571924E-07
  0.63956078E+01  0.28324032E-07
  0.66648489E+01  0.28055825E-07
  0.69454245E+01  0.27766787E-07
  0.72378117E+01  0.27456513E-07
  0.75425078E+01  0.27124756E-07
  0.78600309E+01  0.26771252E-07
  0.81909210E+01  0.26395849E-07
  0.85357408E+01  0.25998612E-07
  0.88950769E+01  0.25579587E-07
  0.92695402E+01  0.25138908E-07
  0.96597676E+01  0.24676963E-07
  0.10066423E+02  0.24194193E-07
  0.10490197E+02  0.23691230E-07
  0.10931811E+02  0.23168998E-07
  0.11392017E+02  0.22628506E-07
  0.11871596E+02  0.22070912E-07
  0.12371364E+02  0.21497095E-07
  0.12892171E+02  0.20908132E-07
  0.13434904E+02  0.20305487E-07
  0.14000484E+02  0.19690718E-07
  0.14589873E+02  0.19065554E-07
  0.15204075E+02  0.18431543E-07
  0.15844134E+02  0.17790006E-07
  0.16511137E+02  0.17142527E-07
  0.17206220E+02  0.16491063E-07
  0.17930564E+02  0.15837674E-07
  0.18685402E+02  0.15184094E-07
  0.19472016E+02  0.14532094E-07
  0.20291745E+02  0.13883478E-07
  0.21145984E+02  0.13240087E-07
  0.22036183E+02  0.12603647E-07
  0.22963858E+02  0.11975844E-07
  0.23930587E+02  0.11358266E-07
  0.24938012E+02  0.10752488E-07
  0.25987848E+02  0.10160069E-07
  0.27081880E+02  0.95822840E-08
  0.28221967E+02  0.90200472E-08
  0.29410051E+02  0.84744141E-08
  0.30648149E+02  0.79466629E-08
  0.31938370E+02  0.74375775E-08
  0.33282905E+02  0.69477026E-08
  0.34684043E+02  0.64774743E-08
  0.36144165E+02  0.60274820E-08
  0.37665755E+02  0.55979731E-08
  0.39251401E+02  0.51889823E-08
  0.40903800E+02  0.48007104E-08
  0.42625760E+02  0.44329416E-08
  0.44420211E+02  0.40854736E-08
  0.46290205E+02  0.37581995E-08
  0.48238922E+02  0.34504635E-08
  0.50269675E+02  0.31620084E-08
  0.52385918E+02  0.28922878E-08
  0.54591251E+02  0.26405476E-08
  0.56889423E+02  0.24063797E-08
  0.59284344E+02  0.21888639E-08
  0.61780085E+02  0.19874361E-08
  0.64380892E+02  0.18012830E-08
  0.67091186E+02  0.16296208E-08
  0.69915579E+02  0.14717400E-08
  0.72858872E+02  0.13268361E-08
  0.75926071E+02  0.11941183E-08
  0.79122393E+02  0.10728311E-08
  0.82453272E+02  0.96225971E-09
  0.85924375E+02  0.86161708E-09
  0.89541603E+02  0.77023819E-09
  0.93311109E+02  0.68745306E-09
  0.97239303E+02  0.61254265E-09
  0.10133287E+03  0.54496225E-09
  0.10559876E+03  0.48408270E-09
  0.11004423E+03  0.42934434E-09
  0.11467686E+03  0.38017539E-09
  0.11950450E+03  0.33615018E-09
  0.12453538E+03  0.29670365E-09
  0.12977805E+03  0.26136525E-09
  0.13524142E+03  0.22997714E-09
  0.14093479E+03  0.20228093E-09
  0.14686783E+03  0.17785341E-09
  0.15305065E+03  0.15608207E-09
  0.15949375E+03  0.13653953E-09
  0.16620808E+03  0.11918353E-09
  0.17320508E+03  0.10394231E-09
  0.18049664E+03  0.90671338E-10
  0.18809515E+03  0.79136965E-10
  0.19601354E+03  0.68998597E-10
  0.20426529E+03  0.59960294E-10
  0.21286441E+03  0.51976404E-10
  0.22182553E+03  0.45006130E-10
  0.23116391E+03  0.38972176E-10
  0.24089540E+03  0.33752598E-10
  0.25103657E+03  0.29179440E-10
  0.26160466E+03  0.25156640E-10
  0.27261765E+03  0.21660940E-10
  0.28409425E+03  0.18652871E-10
  0.29605400E+03  0.16070002E-10
  0.30851723E+03  0.13824849E-10
  0.32150513E+03  0.11860675E-10
  0.33503979E+03  0.10162465E-10
  0.34914423E+03  0.87072217E-11
  0.36384244E+03  0.74595894E-11
  0.37915941E+03  0.63769774E-11
  0.39512120E+03  0.54422924E-11
  0.41175493E+03  0.46439136E-11
  0.42908892E+03  0.39636614E-11
  0.44715262E+03  0.33774051E-11
  0.46597677E+03  0.28722555E-11
  0.48559337E+03  0.24416677E-11
  0.50603579E+03  0.20755904E-11
  0.52733880E+03  0.17613170E-11
  0.54953861E+03  0.14925934E-11
  0.57267298E+03  0.12648614E-11
  0.59678126E+03  0.10713370E-11
  0.62190445E+03  0.90567532E-12
  0.64808527E+03  0.76515447E-12
  0.67536824E+03  0.64636035E-12
  0.70379977E+03  0.54511611E-12
  0.73342820E+03  0.45929159E-12
  0.76430392E+03  0.38694130E-12
  0.79647945E+03  0.32552635E-12
  0.83000949E+03  0.27356725E-12
  0.86495108E+03  0.22985925E-12
  0.90136363E+03  0.19287011E-12
  0.93930906E+03  0.16170373E-12
  0.97885192E+03  0.13552993E-12
  0.10200594E+04  0.11342416E-12
  0.10630017E+04  0.94871928E-13
  0.11077518E+04  0.79284911E-13
  0.11543857E+04  0.66175498E-13
  0.12029828E+04  0.55215108E-13
  0.12536258E+04  0.46019257E-13
  0.13064007E+04  0.38339850E-13
  0.13613973E+04  0.31908318E-13
  0.14187091E+04  0.26524410E-13
  0.14784337E+04  0.22030547E-13
  0.15406725E+04  0.18277492E-13
  0.16055315E+04  0.15154459E-13
  0.16731208E+04  0.12549696E-13
  0.17435555E+04  0.10386717E-13
  0.18169554E+04  0.85877468E-14
  0.18934453E+04  0.70961597E-14
  0.19731552E+04  0.58566985E-14
  0.20562207E+04  0.48315536E-14
  0.21427831E+04  0.39833040E-14
  0.22329896E+04  0.32792507E-14
  0.23269936E+04  0.26944396E-14
  0.24249549E+04  0.22147358E-14
  0.25270402E+04  0.18212402E-14
  0.26334231E+04  0.14932762E-14
  0.27442844E+04  0.12235276E-14
  0.28598128E+04  0.10040298E-14
  0.29802047E+04  0.82144444E-15
  0.31056648E+04  0.67070242E-15
  0.32364065E+04  0.54906217E-15
  0.33726521E+04  0.44895939E-15
  0.35146334E+04  0.36650196E-15
  0.36625918E+04  0.29926445E-15
  0.38167789E+04  0.24342474E-15
  0.39774570E+04  0.19826944E-15
  0.41448992E+04  0.16223098E-15
  0.43193904E+04  0.13236501E-15
  0.45012273E+04  0.10764237E-15
  0.46907191E+04  0.87468779E-16
  0.48881882E+04  0.71212341E-16
  0.50939702E+04  0.58055014E-16
  0.53084152E+04  0.47199350E-16
  0.55318879E+04  0.38296185E-16
  0.57647683E+04  0.31178763E-16
  0.60074524E+04  0.25403878E-16
  0.62603530E+04  0.20608428E-16
  0.65239002E+04  0.16690513E-16
  0.67985421E+04  0.13637404E-16
  0.70847459E+04  0.11127401E-16
  0.73829982E+04  0.90927408E-17
  0.76938063E+04  0.74944874E-17
  0.80176987E+04  0.60546465E-17
  0.83552263E+04  0.49154649E-17
  0.87069631E+04  0.39718148E-17
  0.90735072E+04  0.32749977E-17
  0.94554820E+04  0.26926501E-17
  0.98535372E+04  0.21266945E-17
  0.10268350E+05  0.17505403E-17
  0.10700625E+05  0.14229470E-17
  0.11151098E+05  0.11753541E-17
  0.11620534E+05  0.94116897E-18
  0.12109733E+05  0.77807110E-18
  0.12619527E+05  0.62953273E-18
  0.13150781E+05  0.50931108E-18
  0.13704400E+05  0.41432676E-18
  0.14281326E+05  0.33108382E-18
  0.14882538E+05  0.26014595E-18
  0.15509061E+05  0.22313401E-18
  0.16161958E+05  0.17579702E-18
  0.16842341E+05  0.14264659E-18
  0.17551367E+05  0.11374591E-18
  0.18290241E+05  0.93397111E-19
  0.19060220E+05  0.73335369E-19
  0.19862614E+05  0.60227009E-19
  0.20698787E+05  0.49473456E-19
  0.21570160E+05  0.39501115E-19
  0.22478217E+05  0.30632795E-19
  0.23424501E+05  0.25757068E-19
  0.24410621E+05  0.20078520E-19
  0.25438255E+05  0.17183202E-19
  0.26509150E+05  0.13372579E-19
  0.27625127E+05  0.10500152E-19
  0.28788085E+05  0.93338252E-20
  0.30000000E+05  0.71360331E-20
