  Principal QN n  Azimuthal QN l
               1               0
 Electron Energy Probability dst
  0.10000000E+01  0.11237624E-13
  0.10456357E+01  0.11239291E-13
  0.10933540E+01  0.11241017E-13
  0.11432499E+01  0.11242801E-13
  0.11954229E+01  0.11244646E-13
  0.12499768E+01  0.11246552E-13
  0.13070204E+01  0.11248520E-13
  0.13666671E+01  0.11250551E-13
  0.14290359E+01  0.11252644E-13
  0.14942509E+01  0.11254800E-13
  0.15624421E+01  0.11257019E-13
  0.16337452E+01  0.11259302E-13
  0.17083022E+01  0.11261646E-13
  0.17862617E+01  0.11264053E-13
  0.18677790E+01  0.11266519E-13
  0.19530164E+01  0.11269045E-13
  0.20421436E+01  0.11271628E-13
  0.21353382E+01  0.11274265E-13
  0.22327858E+01  0.11276955E-13
  0.23346805E+01  0.11279692E-13
  0.24412252E+01  0.11282474E-13
  0.25526322E+01  0.11285296E-13
  0.26691232E+01  0.11288152E-13
  0.27909305E+01  0.11291035E-13
  0.29182965E+01  0.11293939E-13
  0.30514749E+01  0.11296856E-13
  0.31907310E+01  0.11299776E-13
  0.33363422E+01  0.11302689E-13
  0.34885984E+01  0.11305583E-13
  0.36478030E+01  0.11308447E-13
  0.38142729E+01  0.11311266E-13
  0.39883398E+01  0.11314024E-13
  0.41703504E+01  0.11316704E-13
  0.43606672E+01  0.11319288E-13
  0.45596692E+01  0.11321755E-13
  0.47677528E+01  0.11324082E-13
  0.49853324E+01  0.11326247E-13
  0.52128414E+01  0.11328222E-13
  0.54507329E+01  0.11329979E-13
  0.56994808E+01  0.11331488E-13
  0.59595804E+01  0.11332718E-13
  0.62315499E+01  0.11333634E-13
  0.65159309E+01  0.11334199E-13
  0.68132898E+01  0.11334377E-13
  0.71242189E+01  0.11334126E-13
  0.74493374E+01  0.11333407E-13
  0.77892930E+01  0.11332176E-13
  0.81447626E+01  0.11330390E-13
  0.85164544E+01  0.11328006E-13
  0.89051085E+01  0.11324982E-13
  0.93114992E+01  0.11321275E-13
  0.97364357E+01  0.11316845E-13
  0.10180765E+02  0.11311658E-13
  0.10645371E+02  0.11305681E-13
  0.11131179E+02  0.11298891E-13
  0.11639158E+02  0.11291274E-13
  0.12170319E+02  0.11282825E-13
  0.12725720E+02  0.11273556E-13
  0.13306467E+02  0.11263499E-13
  0.13913716E+02  0.11252707E-13
  0.14548678E+02  0.11241262E-13
  0.15212617E+02  0.11229283E-13
  0.15906855E+02  0.11216929E-13
  0.16632775E+02  0.11204410E-13
  0.17391823E+02  0.11191999E-13
  0.18185510E+02  0.11179946E-13
  0.19015418E+02  0.11168332E-13
  0.19883200E+02  0.11157206E-13
  0.20790583E+02  0.11146616E-13
  0.21739375E+02  0.11136602E-13
  0.22731466E+02  0.11127197E-13
  0.23768832E+02  0.11118422E-13
  0.24853539E+02  0.11110286E-13
  0.25987747E+02  0.11102775E-13
  0.27173715E+02  0.11095853E-13
  0.28413806E+02  0.11089455E-13
  0.29710489E+02  0.11083476E-13
  0.31066348E+02  0.11077765E-13
  0.32484081E+02  0.11072116E-13
  0.33966514E+02  0.11066253E-13
  0.35516599E+02  0.11059819E-13
  0.37137423E+02  0.11052397E-13
  0.38832214E+02  0.11043848E-13
  0.40604349E+02  0.11034225E-13
  0.42457356E+02  0.11023621E-13
  0.44394926E+02  0.11012173E-13
  0.46420918E+02  0.11000079E-13
  0.48539368E+02  0.10987604E-13
  0.50754495E+02  0.10975097E-13
  0.53070711E+02  0.10963004E-13
  0.55492628E+02  0.10951692E-13
  0.58025072E+02  0.10941207E-13
  0.60673085E+02  0.10931542E-13
  0.63441942E+02  0.10922655E-13
  0.66337158E+02  0.10914472E-13
  0.69364499E+02  0.10906868E-13
  0.72529995E+02  0.10899664E-13
  0.75839950E+02  0.10892610E-13
  0.79300958E+02  0.10885371E-13
  0.82919910E+02  0.10877541E-13
  0.86704016E+02  0.10868977E-13
  0.90660813E+02  0.10859751E-13
  0.94798180E+02  0.10849974E-13
  0.99124359E+02  0.10839802E-13
  0.10364797E+03  0.10829438E-13
  0.10837801E+03  0.10819148E-13
  0.11332391E+03  0.10809225E-13
  0.11849553E+03  0.10799733E-13
  0.12390315E+03  0.10790623E-13
  0.12955756E+03  0.10781814E-13
  0.13547000E+03  0.10773186E-13
  0.14165227E+03  0.10764575E-13
  0.14811666E+03  0.10755763E-13
  0.15487607E+03  0.10746604E-13
  0.16194394E+03  0.10737087E-13
  0.16933436E+03  0.10727208E-13
  0.17706205E+03  0.10716967E-13
  0.18514240E+03  0.10706367E-13
  0.19359150E+03  0.10695413E-13
  0.20242617E+03  0.10684110E-13
  0.21166403E+03  0.10672452E-13
  0.22132346E+03  0.10660432E-13
  0.23142371E+03  0.10648041E-13
  0.24198488E+03  0.10635254E-13
  0.25302803E+03  0.10621993E-13
  0.26457513E+03  0.10608147E-13
  0.27664920E+03  0.10593579E-13
  0.28927427E+03  0.10578121E-13
  0.30247550E+03  0.10561669E-13
  0.31627917E+03  0.10544323E-13
  0.33071278E+03  0.10526258E-13
  0.34580508E+03  0.10507706E-13
  0.36158613E+03  0.10488730E-13
  0.37808736E+03  0.10469085E-13
  0.39534163E+03  0.10448431E-13
  0.41338331E+03  0.10426372E-13
  0.43224834E+03  0.10402822E-13
  0.45197428E+03  0.10377959E-13
  0.47260044E+03  0.10352040E-13
  0.49416788E+03  0.10325343E-13
  0.51671956E+03  0.10297792E-13
  0.54030041E+03  0.10269107E-13
  0.56495738E+03  0.10239039E-13
  0.59073959E+03  0.10207538E-13
  0.61769839E+03  0.10174595E-13
  0.64588748E+03  0.10140210E-13
  0.67536299E+03  0.10104378E-13
  0.70618363E+03  0.10067097E-13
  0.73841080E+03  0.10028391E-13
  0.77210867E+03  0.99883280E-14
  0.80734438E+03  0.99469941E-14
  0.84418808E+03  0.99042961E-14
  0.88271317E+03  0.98599633E-14
  0.92299639E+03  0.98137474E-14
  0.96511795E+03  0.97659153E-14
  0.10091618E+04  0.97168958E-14
  0.10552155E+04  0.96664106E-14
  0.11033710E+04  0.96138226E-14
  0.11537241E+04  0.95589802E-14
  0.12063751E+04  0.95025032E-14
  0.12614288E+04  0.94446596E-14
  0.13189950E+04  0.93847754E-14
  0.13791882E+04  0.93225005E-14
  0.14421284E+04  0.92582622E-14
  0.15079409E+04  0.91922836E-14
  0.15767568E+04  0.91240456E-14
  0.16487131E+04  0.90533652E-14
  0.17239533E+04  0.89804067E-14
  0.18026270E+04  0.89051704E-14
  0.18848911E+04  0.88275433E-14
  0.19709094E+04  0.87474993E-14
  0.20608532E+04  0.86649767E-14
  0.21549016E+04  0.85798199E-14
  0.22532420E+04  0.84920547E-14
  0.23560703E+04  0.84016003E-14
  0.24635911E+04  0.83079733E-14
  0.25760188E+04  0.82114589E-14
  0.26935771E+04  0.81125148E-14
  0.28165003E+04  0.80105730E-14
  0.29450332E+04  0.79057201E-14
  0.30794318E+04  0.77975617E-14
  0.32199637E+04  0.76857462E-14
  0.33669090E+04  0.75715266E-14
  0.35205601E+04  0.74543595E-14
  0.36812233E+04  0.73339755E-14
  0.38492184E+04  0.72105548E-14
  0.40248800E+04  0.70840296E-14
  0.42085582E+04  0.69547684E-14
  0.44006186E+04  0.68226502E-14
  0.46014438E+04  0.66877799E-14
  0.48114338E+04  0.65502630E-14
  0.50310068E+04  0.64101653E-14
  0.52606002E+04  0.62677073E-14
  0.55006712E+04  0.61228594E-14
  0.57516981E+04  0.59758027E-14
  0.60141807E+04  0.58267308E-14
  0.62886419E+04  0.56757235E-14
  0.65756283E+04  0.55230069E-14
  0.68757115E+04  0.53687795E-14
  0.71894893E+04  0.52133103E-14
  0.75175865E+04  0.50564841E-14
  0.78606566E+04  0.48986538E-14
  0.82193830E+04  0.47400835E-14
  0.85944801E+04  0.45809762E-14
  0.89866950E+04  0.44216380E-14
  0.93968089E+04  0.42624754E-14
  0.98256386E+04  0.41033593E-14
  0.10274038E+05  0.39447018E-14
  0.10742901E+05  0.37868516E-14
  0.11233160E+05  0.36300522E-14
  0.11745793E+05  0.34745834E-14
  0.12281820E+05  0.33207548E-14
  0.12842310E+05  0.31687151E-14
  0.13428377E+05  0.30187997E-14
  0.14041190E+05  0.28712730E-14
  0.14681969E+05  0.27264045E-14
  0.15351991E+05  0.25843757E-14
  0.16052589E+05  0.24454644E-14
  0.16785160E+05  0.23098914E-14
  0.17551162E+05  0.21778840E-14
  0.18352121E+05  0.20496089E-14
  0.19189633E+05  0.19252447E-14
  0.20065365E+05  0.18049548E-14
  0.20981061E+05  0.16888584E-14
  0.21938546E+05  0.15771071E-14
  0.22939727E+05  0.14697101E-14
  0.23986596E+05  0.13669173E-14
  0.25081241E+05  0.12686458E-14
  0.26225840E+05  0.11750045E-14
  0.27422674E+05  0.10859365E-14
  0.28674126E+05  0.10014873E-14
  0.29982690E+05  0.92157989E-15
  0.31350970E+05  0.84618408E-15
  0.32781693E+05  0.77526907E-15
  0.34277707E+05  0.70873035E-15
  0.35841994E+05  0.64646368E-15
  0.37477667E+05  0.58832435E-15
  0.39187986E+05  0.53422107E-15
  0.40976356E+05  0.48398130E-15
  0.42846340E+05  0.43745999E-15
  0.44801661E+05  0.39452031E-15
  0.46846215E+05  0.35499335E-15
  0.48984074E+05  0.31869571E-15
  0.51219495E+05  0.28545398E-15
  0.53556932E+05  0.25509987E-15
  0.56001038E+05  0.22744076E-15
  0.58556683E+05  0.20232279E-15
  0.61228957E+05  0.17957247E-15
  0.64023182E+05  0.15902356E-15
  0.66944923E+05  0.14050836E-15
  0.70000000E+05  0.12386775E-15
  Principal QN n  Azimuthal QN l
               2               0
 Electron Energy Probability dst
  0.10000000E+01  0.28543475E-12
  0.10456357E+01  0.28548322E-12
  0.10933540E+01  0.28553319E-12
  0.11432499E+01  0.28558467E-12
  0.11954229E+01  0.28563767E-12
  0.12499768E+01  0.28569218E-12
  0.13070204E+01  0.28574819E-12
  0.13666671E+01  0.28580568E-12
  0.14290359E+01  0.28586462E-12
  0.14942509E+01  0.28592498E-12
  0.15624421E+01  0.28598672E-12
  0.16337452E+01  0.28604977E-12
  0.17083022E+01  0.28611408E-12
  0.17862617E+01  0.28617955E-12
  0.18677790E+01  0.28624609E-12
  0.19530164E+01  0.28631359E-12
  0.20421436E+01  0.28638192E-12
  0.21353382E+01  0.28645093E-12
  0.22327858E+01  0.28652044E-12
  0.23346805E+01  0.28659027E-12
  0.24412252E+01  0.28666018E-12
  0.25526322E+01  0.28672994E-12
  0.26691232E+01  0.28679927E-12
  0.27909305E+01  0.28686786E-12
  0.29182965E+01  0.28693538E-12
  0.30514749E+01  0.28700143E-12
  0.31907310E+01  0.28706562E-12
  0.33363422E+01  0.28712748E-12
  0.34885984E+01  0.28718651E-12
  0.36478030E+01  0.28724217E-12
  0.38142729E+01  0.28729387E-12
  0.39883398E+01  0.28734095E-12
  0.41703504E+01  0.28738274E-12
  0.43606672E+01  0.28741847E-12
  0.45596692E+01  0.28744736E-12
  0.47677528E+01  0.28746853E-12
  0.49853324E+01  0.28748109E-12
  0.52128414E+01  0.28748407E-12
  0.54507329E+01  0.28747646E-12
  0.56994808E+01  0.28745719E-12
  0.59595804E+01  0.28742516E-12
  0.62315499E+01  0.28737924E-12
  0.65159309E+01  0.28731826E-12
  0.68132898E+01  0.28724107E-12
  0.71242189E+01  0.28714648E-12
  0.74493374E+01  0.28703336E-12
  0.77892930E+01  0.28690062E-12
  0.81447626E+01  0.28674725E-12
  0.85164544E+01  0.28657237E-12
  0.89051085E+01  0.28637526E-12
  0.93114992E+01  0.28615544E-12
  0.97364357E+01  0.28591268E-12
  0.10180765E+02  0.28564718E-12
  0.10645371E+02  0.28535956E-12
  0.11131179E+02  0.28505104E-12
  0.11639158E+02  0.28472356E-12
  0.12170319E+02  0.28437993E-12
  0.12725720E+02  0.28402404E-12
  0.13306467E+02  0.28366103E-12
  0.13913716E+02  0.28329762E-12
  0.14548678E+02  0.28294235E-12
  0.15212617E+02  0.28260315E-12
  0.15906855E+02  0.28228179E-12
  0.16632775E+02  0.28197856E-12
  0.17391823E+02  0.28169321E-12
  0.18185510E+02  0.28142474E-12
  0.19015418E+02  0.28117130E-12
  0.19883200E+02  0.28092989E-12
  0.20790583E+02  0.28069618E-12
  0.21739375E+02  0.28046415E-12
  0.22731466E+02  0.28022574E-12
  0.23768832E+02  0.27997084E-12
  0.24853539E+02  0.27969363E-12
  0.25987747E+02  0.27939339E-12
  0.27173715E+02  0.27906978E-12
  0.28413806E+02  0.27872275E-12
  0.29710489E+02  0.27835263E-12
  0.31066348E+02  0.27796019E-12
  0.32484081E+02  0.27754678E-12
  0.33966514E+02  0.27711445E-12
  0.35516599E+02  0.27666608E-12
  0.37137423E+02  0.27620558E-12
  0.38832214E+02  0.27573807E-12
  0.40604349E+02  0.27527016E-12
  0.42457356E+02  0.27480985E-12
  0.44394926E+02  0.27436089E-12
  0.46420918E+02  0.27392215E-12
  0.48539368E+02  0.27349141E-12
  0.50754495E+02  0.27306532E-12
  0.53070711E+02  0.27263914E-12
  0.55492628E+02  0.27220637E-12
  0.58025072E+02  0.27175866E-12
  0.60673085E+02  0.27129061E-12
  0.63441942E+02  0.27080187E-12
  0.66337158E+02  0.27029253E-12
  0.69364499E+02  0.26976293E-12
  0.72529995E+02  0.26921370E-12
  0.75839950E+02  0.26864586E-12
  0.79300958E+02  0.26806082E-12
  0.82919910E+02  0.26746054E-12
  0.86704016E+02  0.26684703E-12
  0.90660813E+02  0.26622011E-12
  0.94798180E+02  0.26557865E-12
  0.99124359E+02  0.26492113E-12
  0.10364797E+03  0.26424559E-12
  0.10837801E+03  0.26354955E-12
  0.11332391E+03  0.26283124E-12
  0.11849553E+03  0.26209003E-12
  0.12390315E+03  0.26132535E-12
  0.12955756E+03  0.26053656E-12
  0.13547000E+03  0.25972294E-12
  0.14165227E+03  0.25888370E-12
  0.14811666E+03  0.25801775E-12
  0.15487607E+03  0.25712345E-12
  0.16194394E+03  0.25619882E-12
  0.16933436E+03  0.25524147E-12
  0.17706205E+03  0.25424864E-12
  0.18514240E+03  0.25321824E-12
  0.19359150E+03  0.25214845E-12
  0.20242617E+03  0.25103725E-12
  0.21166403E+03  0.24988235E-12
  0.22132346E+03  0.24868152E-12
  0.23142371E+03  0.24743339E-12
  0.24198488E+03  0.24613685E-12
  0.25302803E+03  0.24479090E-12
  0.26457513E+03  0.24339442E-12
  0.27664920E+03  0.24194560E-12
  0.28927427E+03  0.24044243E-12
  0.30247550E+03  0.23888274E-12
  0.31627917E+03  0.23726457E-12
  0.33071278E+03  0.23558637E-12
  0.34580508E+03  0.23384665E-12
  0.36158613E+03  0.23204407E-12
  0.37808736E+03  0.23017804E-12
  0.39534163E+03  0.22824850E-12
  0.41338331E+03  0.22625535E-12
  0.43224834E+03  0.22419600E-12
  0.45197428E+03  0.22206622E-12
  0.47260044E+03  0.21986127E-12
  0.49416788E+03  0.21757946E-12
  0.51671956E+03  0.21522207E-12
  0.54030041E+03  0.21279026E-12
  0.56495738E+03  0.21028294E-12
  0.59073959E+03  0.20769849E-12
  0.61769839E+03  0.20503690E-12
  0.64588748E+03  0.20230316E-12
  0.67536299E+03  0.19950210E-12
  0.70618363E+03  0.19663033E-12
  0.73841080E+03  0.19368128E-12
  0.77210867E+03  0.19065308E-12
  0.80734438E+03  0.18755583E-12
  0.84418808E+03  0.18439473E-12
  0.88271317E+03  0.18116606E-12
  0.92299639E+03  0.17786576E-12
  0.96511795E+03  0.17449828E-12
  0.10091618E+04  0.17106974E-12
  0.10552155E+04  0.16758242E-12
  0.11033710E+04  0.16403786E-12
  0.11537241E+04  0.16043529E-12
  0.12063751E+04  0.15677845E-12
  0.12614288E+04  0.15307707E-12
  0.13189950E+04  0.14933402E-12
  0.13791882E+04  0.14554128E-12
  0.14421284E+04  0.14170954E-12
  0.15079409E+04  0.13785189E-12
  0.15767568E+04  0.13396173E-12
  0.16487131E+04  0.13004163E-12
  0.17239533E+04  0.12610307E-12
  0.18026270E+04  0.12214983E-12
  0.18848911E+04  0.11818787E-12
  0.19709094E+04  0.11422586E-12
  0.20608532E+04  0.11026451E-12
  0.21549016E+04  0.10630901E-12
  0.22532420E+04  0.10236784E-12
  0.23560703E+04  0.98446602E-13
  0.24635911E+04  0.94547352E-13
  0.25760188E+04  0.90680594E-13
  0.26935771E+04  0.86855293E-13
  0.28165003E+04  0.83073108E-13
  0.29450332E+04  0.79340667E-13
  0.30794318E+04  0.75664176E-13
  0.32199637E+04  0.72043530E-13
  0.33669090E+04  0.68494295E-13
  0.35205601E+04  0.65021077E-13
  0.36812233E+04  0.61624448E-13
  0.38492184E+04  0.58316434E-13
  0.40248800E+04  0.55082587E-13
  0.42085582E+04  0.51945959E-13
  0.44006186E+04  0.48913205E-13
  0.46014438E+04  0.45978407E-13
  0.48114338E+04  0.43140038E-13
  0.50310068E+04  0.40412117E-13
  0.52606002E+04  0.37789137E-13
  0.55006712E+04  0.35273513E-13
  0.57516981E+04  0.32868103E-13
  0.60141807E+04  0.30572167E-13
  0.62886419E+04  0.28385551E-13
  0.65756283E+04  0.26307939E-13
  0.68757115E+04  0.24338481E-13
  0.71894893E+04  0.22475289E-13
  0.75175865E+04  0.20716834E-13
  0.78606566E+04  0.19060807E-13
  0.82193830E+04  0.17505107E-13
  0.85944801E+04  0.16046782E-13
  0.89866950E+04  0.14683141E-13
  0.93968089E+04  0.13410982E-13
  0.98256386E+04  0.12226357E-13
  0.10274038E+05  0.11126017E-13
  0.10742901E+05  0.10105204E-13
  0.11233160E+05  0.91628972E-14
  0.11745793E+05  0.82929188E-14
  0.12281820E+05  0.74922261E-14
  0.12842310E+05  0.67564114E-14
  0.13428377E+05  0.60820270E-14
  0.14041190E+05  0.54652962E-14
  0.14681969E+05  0.49024797E-14
  0.15351991E+05  0.43898856E-14
  0.16052589E+05  0.39240259E-14
  0.16785160E+05  0.35016927E-14
  0.17551162E+05  0.31193777E-14
  0.18352121E+05  0.27740652E-14
  0.19189633E+05  0.24629147E-14
  0.20065365E+05  0.21829590E-14
  0.20981061E+05  0.19315615E-14
  0.21938546E+05  0.17063246E-14
  0.22939727E+05  0.15049474E-14
  0.23986596E+05  0.13252061E-14
  0.25081241E+05  0.11650224E-14
  0.26225840E+05  0.10226074E-14
  0.27422674E+05  0.89613382E-15
  0.28674126E+05  0.78415698E-15
  0.29982690E+05  0.68508448E-15
  0.31350970E+05  0.59762246E-15
  0.32781693E+05  0.52051452E-15
  0.34277707E+05  0.45270319E-15
  0.35841994E+05  0.39312753E-15
  0.37477667E+05  0.34087948E-15
  0.39187986E+05  0.29516315E-15
  0.40976356E+05  0.25520137E-15
  0.42846340E+05  0.22032187E-15
  0.44801661E+05  0.18993811E-15
  0.46846215E+05  0.16351731E-15
  0.48984074E+05  0.14057447E-15
  0.51219495E+05  0.12067627E-15
  0.53556932E+05  0.10345310E-15
  0.56001038E+05  0.88566724E-16
  0.58556683E+05  0.75714221E-16
  0.61228957E+05  0.64633355E-16
  0.64023182E+05  0.55106102E-16
  0.66944923E+05  0.46917792E-16
  0.70000000E+05  0.39892915E-16
  Principal QN n  Azimuthal QN l
               2               1
 Electron Energy Probability dst
  0.10000000E+01  0.14976593E-11
  0.10456357E+01  0.15044145E-11
  0.10933540E+01  0.15114177E-11
  0.11432499E+01  0.15186749E-11
  0.11954229E+01  0.15261917E-11
  0.12499768E+01  0.15339739E-11
  0.13070204E+01  0.15420266E-11
  0.13666671E+01  0.15503547E-11
  0.14290359E+01  0.15589627E-11
  0.14942509E+01  0.15678548E-11
  0.15624421E+01  0.15770343E-11
  0.16337452E+01  0.15865042E-11
  0.17083022E+01  0.15962666E-11
  0.17862617E+01  0.16063229E-11
  0.18677790E+01  0.16166736E-11
  0.19530164E+01  0.16273181E-11
  0.20421436E+01  0.16382547E-11
  0.21353382E+01  0.16494803E-11
  0.22327858E+01  0.16609908E-11
  0.23346805E+01  0.16727801E-11
  0.24412252E+01  0.16848407E-11
  0.25526322E+01  0.16971631E-11
  0.26691232E+01  0.17097358E-11
  0.27909305E+01  0.17225450E-11
  0.29182965E+01  0.17355748E-11
  0.30514749E+01  0.17488062E-11
  0.31907310E+01  0.17622180E-11
  0.33363422E+01  0.17757855E-11
  0.34885984E+01  0.17894812E-11
  0.36478030E+01  0.18032738E-11
  0.38142729E+01  0.18171288E-11
  0.39883398E+01  0.18310077E-11
  0.41703504E+01  0.18448682E-11
  0.43606672E+01  0.18586638E-11
  0.45596692E+01  0.18723438E-11
  0.47677528E+01  0.18858534E-11
  0.49853324E+01  0.18991333E-11
  0.52128414E+01  0.19121201E-11
  0.54507329E+01  0.19247463E-11
  0.56994808E+01  0.19369404E-11
  0.59595804E+01  0.19486274E-11
  0.62315499E+01  0.19597296E-11
  0.65159309E+01  0.19701665E-11
  0.68132898E+01  0.19798566E-11
  0.71242189E+01  0.19887180E-11
  0.74493374E+01  0.19966704E-11
  0.77892930E+01  0.20036364E-11
  0.81447626E+01  0.20095443E-11
  0.85164544E+01  0.20143311E-11
  0.89051085E+01  0.20179454E-11
  0.93114992E+01  0.20203523E-11
  0.97364357E+01  0.20215382E-11
  0.10180765E+02  0.20215171E-11
  0.10645371E+02  0.20203380E-11
  0.11131179E+02  0.20180934E-11
  0.11639158E+02  0.20149301E-11
  0.12170319E+02  0.20110613E-11
  0.12725720E+02  0.20067812E-11
  0.13306467E+02  0.20024820E-11
  0.13913716E+02  0.19986746E-11
  0.14548678E+02  0.19960110E-11
  0.15212617E+02  0.19950931E-11
  0.15906855E+02  0.19960415E-11
  0.16632775E+02  0.19988586E-11
  0.17391823E+02  0.20035022E-11
  0.18185510E+02  0.20098734E-11
  0.19015418E+02  0.20178029E-11
  0.19883200E+02  0.20270349E-11
  0.20790583E+02  0.20372075E-11
  0.21739375E+02  0.20478299E-11
  0.22731466E+02  0.20582558E-11
  0.23768832E+02  0.20676813E-11
  0.24853539E+02  0.20756280E-11
  0.25987747E+02  0.20820014E-11
  0.27173715E+02  0.20867382E-11
  0.28413806E+02  0.20898000E-11
  0.29710489E+02  0.20911810E-11
  0.31066348E+02  0.20909174E-11
  0.32484081E+02  0.20890977E-11
  0.33966514E+02  0.20858764E-11
  0.35516599E+02  0.20814887E-11
  0.37137423E+02  0.20762692E-11
  0.38832214E+02  0.20706730E-11
  0.40604349E+02  0.20653011E-11
  0.42457356E+02  0.20608969E-11
  0.44394926E+02  0.20578077E-11
  0.46420918E+02  0.20559251E-11
  0.48539368E+02  0.20550582E-11
  0.50754495E+02  0.20549316E-11
  0.53070711E+02  0.20551660E-11
  0.55492628E+02  0.20552571E-11
  0.58025072E+02  0.20545632E-11
  0.60673085E+02  0.20526781E-11
  0.63441942E+02  0.20495870E-11
  0.66337158E+02  0.20453261E-11
  0.69364499E+02  0.20399695E-11
  0.72529995E+02  0.20336390E-11
  0.75839950E+02  0.20265145E-11
  0.79300958E+02  0.20188468E-11
  0.82919910E+02  0.20109730E-11
  0.86704016E+02  0.20032494E-11
  0.90660813E+02  0.19957074E-11
  0.94798180E+02  0.19882450E-11
  0.99124359E+02  0.19807225E-11
  0.10364797E+03  0.19729540E-11
  0.10837801E+03  0.19647040E-11
  0.11332391E+03  0.19558352E-11
  0.11849553E+03  0.19463656E-11
  0.12390315E+03  0.19363380E-11
  0.12955756E+03  0.19258165E-11
  0.13547000E+03  0.19148907E-11
  0.14165227E+03  0.19036805E-11
  0.14811666E+03  0.18922686E-11
  0.15487607E+03  0.18806328E-11
  0.16194394E+03  0.18687299E-11
  0.16933436E+03  0.18565034E-11
  0.17706205E+03  0.18438873E-11
  0.18514240E+03  0.18308598E-11
  0.19359150E+03  0.18174264E-11
  0.20242617E+03  0.18035967E-11
  0.21166403E+03  0.17893846E-11
  0.22132346E+03  0.17748023E-11
  0.23142371E+03  0.17598406E-11
  0.24198488E+03  0.17444824E-11
  0.25302803E+03  0.17287062E-11
  0.26457513E+03  0.17124900E-11
  0.27664920E+03  0.16958208E-11
  0.28927427E+03  0.16786856E-11
  0.30247550E+03  0.16610685E-11
  0.31627917E+03  0.16429552E-11
  0.33071278E+03  0.16243339E-11
  0.34580508E+03  0.16051917E-11
  0.36158613E+03  0.15855148E-11
  0.37808736E+03  0.15652982E-11
  0.39534163E+03  0.15445413E-11
  0.41338331E+03  0.15232428E-11
  0.43224834E+03  0.15013935E-11
  0.45197428E+03  0.14789783E-11
  0.47260044E+03  0.14559805E-11
  0.49416788E+03  0.14324073E-11
  0.51671956E+03  0.14082902E-11
  0.54030041E+03  0.13836550E-11
  0.56495738E+03  0.13584912E-11
  0.59073959E+03  0.13327755E-11
  0.61769839E+03  0.13064988E-11
  0.64588748E+03  0.12797107E-11
  0.67536299E+03  0.12524684E-11
  0.70618363E+03  0.12247881E-11
  0.73841080E+03  0.11966730E-11
  0.77210867E+03  0.11681417E-11
  0.80734438E+03  0.11392505E-11
  0.84418808E+03  0.11100392E-11
  0.88271317E+03  0.10805177E-11
  0.92299639E+03  0.10506963E-11
  0.96511795E+03  0.10206370E-11
  0.10091618E+04  0.99040296E-12
  0.10552155E+04  0.96001709E-12
  0.11033710E+04  0.92949831E-12
  0.11537241E+04  0.89890396E-12
  0.12063751E+04  0.86828937E-12
  0.12614288E+04  0.83768834E-12
  0.13189950E+04  0.80713936E-12
  0.13791882E+04  0.77669668E-12
  0.14421284E+04  0.74640047E-12
  0.15079409E+04  0.71629203E-12
  0.15767568E+04  0.68646182E-12
  0.16487131E+04  0.65694048E-12
  0.17239533E+04  0.62771431E-12
  0.18026270E+04  0.59885836E-12
  0.18848911E+04  0.57045227E-12
  0.19709094E+04  0.54253682E-12
  0.20608532E+04  0.51511854E-12
  0.21549016E+04  0.48824686E-12
  0.22532420E+04  0.46198114E-12
  0.23560703E+04  0.43634919E-12
  0.24635911E+04  0.41140730E-12
  0.25760188E+04  0.38716904E-12
  0.26935771E+04  0.36365613E-12
  0.28165003E+04  0.34092119E-12
  0.29450332E+04  0.31897977E-12
  0.30794318E+04  0.29785664E-12
  0.32199637E+04  0.27758135E-12
  0.33669090E+04  0.25815135E-12
  0.35205601E+04  0.23958553E-12
  0.36812233E+04  0.22189432E-12
  0.38492184E+04  0.20507685E-12
  0.40248800E+04  0.18913219E-12
  0.42085582E+04  0.17405563E-12
  0.44006186E+04  0.15983710E-12
  0.46014438E+04  0.14646228E-12
  0.48114338E+04  0.13391499E-12
  0.50310068E+04  0.12217622E-12
  0.52606002E+04  0.11122150E-12
  0.55006712E+04  0.10102483E-12
  0.57516981E+04  0.91560549E-13
  0.60141807E+04  0.82798724E-13
  0.62886419E+04  0.74709053E-13
  0.65756283E+04  0.67259476E-13
  0.68757115E+04  0.60420129E-13
  0.71894893E+04  0.54152659E-13
  0.75175865E+04  0.48427119E-13
  0.78606566E+04  0.43209948E-13
  0.82193830E+04  0.38470199E-13
  0.85944801E+04  0.34174863E-13
  0.89866950E+04  0.30293086E-13
  0.93968089E+04  0.26795644E-13
  0.98256386E+04  0.23647229E-13
  0.10274038E+05  0.20823494E-13
  0.10742901E+05  0.18299418E-13
  0.11233160E+05  0.16045106E-13
  0.11745793E+05  0.14039450E-13
  0.12281820E+05  0.12262142E-13
  0.12842310E+05  0.10684247E-13
  0.13428377E+05  0.92903384E-14
  0.14041190E+05  0.80617968E-14
  0.14681969E+05  0.69816284E-14
  0.15351991E+05  0.60340792E-14
  0.16052589E+05  0.52048946E-14
  0.16785160E+05  0.44832425E-14
  0.17551162E+05  0.38520107E-14
  0.18352121E+05  0.33033403E-14
  0.19189633E+05  0.28274644E-14
  0.20065365E+05  0.24158143E-14
  0.20981061E+05  0.20603553E-14
  0.21938546E+05  0.17554116E-14
  0.22939727E+05  0.14916320E-14
  0.23986596E+05  0.12652033E-14
  0.25081241E+05  0.10713259E-14
  0.26225840E+05  0.90562659E-15
  0.27422674E+05  0.76424491E-15
  0.28674126E+05  0.64382875E-15
  0.29982690E+05  0.54233868E-15
  0.31350970E+05  0.45525281E-15
  0.32781693E+05  0.38163101E-15
  0.34277707E+05  0.31941750E-15
  0.35841994E+05  0.26691200E-15
  0.37477667E+05  0.22270789E-15
  0.39187986E+05  0.18549304E-15
  0.40976356E+05  0.15462026E-15
  0.42846340E+05  0.12838055E-15
  0.44801661E+05  0.10645081E-15
  0.46846215E+05  0.88144346E-16
  0.48984074E+05  0.72874615E-16
  0.51219495E+05  0.60169050E-16
  0.53556932E+05  0.49653484E-16
  0.56001038E+05  0.40928157E-16
  0.58556683E+05  0.33648017E-16
  0.61228957E+05  0.27620658E-16
  0.64023182E+05  0.22638048E-16
  0.66944923E+05  0.18536439E-16
  0.70000000E+05  0.15152771E-16
  Principal QN n  Azimuthal QN l
               3               0
 Electron Energy Probability dst
  0.10000000E+01  0.42877271E-11
  0.10456357E+01  0.42884343E-11
  0.10933540E+01  0.42891503E-11
  0.11432499E+01  0.42898739E-11
  0.11954229E+01  0.42906031E-11
  0.12499768E+01  0.42913360E-11
  0.13070204E+01  0.42920705E-11
  0.13666671E+01  0.42928039E-11
  0.14290359E+01  0.42935336E-11
  0.14942509E+01  0.42942563E-11
  0.15624421E+01  0.42949687E-11
  0.16337452E+01  0.42956669E-11
  0.17083022E+01  0.42963466E-11
  0.17862617E+01  0.42970034E-11
  0.18677790E+01  0.42976321E-11
  0.19530164E+01  0.42982273E-11
  0.20421436E+01  0.42987829E-11
  0.21353382E+01  0.42992926E-11
  0.22327858E+01  0.42997493E-11
  0.23346805E+01  0.43001456E-11
  0.24412252E+01  0.43004734E-11
  0.25526322E+01  0.43007243E-11
  0.26691232E+01  0.43008892E-11
  0.27909305E+01  0.43009587E-11
  0.29182965E+01  0.43009227E-11
  0.30514749E+01  0.43007708E-11
  0.31907310E+01  0.43004923E-11
  0.33363422E+01  0.43000764E-11
  0.34885984E+01  0.42995118E-11
  0.36478030E+01  0.42987876E-11
  0.38142729E+01  0.42978928E-11
  0.39883398E+01  0.42968171E-11
  0.41703504E+01  0.42955508E-11
  0.43606672E+01  0.42940854E-11
  0.45596692E+01  0.42924138E-11
  0.47677528E+01  0.42905311E-11
  0.49853324E+01  0.42884351E-11
  0.52128414E+01  0.42861269E-11
  0.54507329E+01  0.42836121E-11
  0.56994808E+01  0.42809015E-11
  0.59595804E+01  0.42780039E-11
  0.62315499E+01  0.42749114E-11
  0.65159309E+01  0.42716128E-11
  0.68132898E+01  0.42680970E-11
  0.71242189E+01  0.42643528E-11
  0.74493374E+01  0.42603688E-11
  0.77892930E+01  0.42561341E-11
  0.81447626E+01  0.42516381E-11
  0.85164544E+01  0.42468708E-11
  0.89051085E+01  0.42418232E-11
  0.93114992E+01  0.42364876E-11
  0.97364357E+01  0.42308577E-11
  0.10180765E+02  0.42249298E-11
  0.10645371E+02  0.42187025E-11
  0.11131179E+02  0.42121779E-11
  0.11639158E+02  0.42053552E-11
  0.12170319E+02  0.41982267E-11
  0.12725720E+02  0.41907850E-11
  0.13306467E+02  0.41830241E-11
  0.13913716E+02  0.41749392E-11
  0.14548678E+02  0.41665275E-11
  0.15212617E+02  0.41577886E-11
  0.15906855E+02  0.41487247E-11
  0.16632775E+02  0.41393415E-11
  0.17391823E+02  0.41296491E-11
  0.18185510E+02  0.41196620E-11
  0.19015418E+02  0.41093901E-11
  0.19883200E+02  0.40988286E-11
  0.20790583E+02  0.40879700E-11
  0.21739375E+02  0.40768056E-11
  0.22731466E+02  0.40653249E-11
  0.23768832E+02  0.40535151E-11
  0.24853539E+02  0.40413609E-11
  0.25987747E+02  0.40288434E-11
  0.27173715E+02  0.40159438E-11
  0.28413806E+02  0.40026526E-11
  0.29710489E+02  0.39889614E-11
  0.31066348E+02  0.39748609E-11
  0.32484081E+02  0.39603408E-11
  0.33966514E+02  0.39453895E-11
  0.35516599E+02  0.39299937E-11
  0.37137423E+02  0.39141379E-11
  0.38832214E+02  0.38978082E-11
  0.40604349E+02  0.38809935E-11
  0.42457356E+02  0.38636817E-11
  0.44394926E+02  0.38458589E-11
  0.46420918E+02  0.38275092E-11
  0.48539368E+02  0.38086137E-11
  0.50754495E+02  0.37891528E-11
  0.53070711E+02  0.37691081E-11
  0.55492628E+02  0.37484592E-11
  0.58025072E+02  0.37271820E-11
  0.60673085E+02  0.37052477E-11
  0.63441942E+02  0.36826243E-11
  0.66337158E+02  0.36592864E-11
  0.69364499E+02  0.36352116E-11
  0.72529995E+02  0.36103742E-11
  0.75839950E+02  0.35847451E-11
  0.79300958E+02  0.35582919E-11
  0.82919910E+02  0.35309925E-11
  0.86704016E+02  0.35028341E-11
  0.90660813E+02  0.34738044E-11
  0.94798180E+02  0.34438920E-11
  0.99124359E+02  0.34130834E-11
  0.10364797E+03  0.33813606E-11
  0.10837801E+03  0.33487041E-11
  0.11332391E+03  0.33150918E-11
  0.11849553E+03  0.32805056E-11
  0.12390315E+03  0.32449371E-11
  0.12955756E+03  0.32083799E-11
  0.13547000E+03  0.31708282E-11
  0.14165227E+03  0.31322766E-11
  0.14811666E+03  0.30927195E-11
  0.15487607E+03  0.30521512E-11
  0.16194394E+03  0.30105609E-11
  0.16933436E+03  0.29679246E-11
  0.17706205E+03  0.29242096E-11
  0.18514240E+03  0.28793822E-11
  0.19359150E+03  0.28334383E-11
  0.20242617E+03  0.27863850E-11
  0.21166403E+03  0.27382366E-11
  0.22132346E+03  0.26890463E-11
  0.23142371E+03  0.26388946E-11
  0.24198488E+03  0.25878392E-11
  0.25302803E+03  0.25358485E-11
  0.26457513E+03  0.24828640E-11
  0.27664920E+03  0.24289069E-11
  0.28927427E+03  0.23740985E-11
  0.30247550E+03  0.23185641E-11
  0.31627917E+03  0.22623277E-11
  0.33071278E+03  0.22053767E-11
  0.34580508E+03  0.21477738E-11
  0.36158613E+03  0.20896385E-11
  0.37808736E+03  0.20310721E-11
  0.39534163E+03  0.19721423E-11
  0.41338331E+03  0.19128900E-11
  0.43224834E+03  0.18533038E-11
  0.45197428E+03  0.17934512E-11
  0.47260044E+03  0.17335866E-11
  0.49416788E+03  0.16738735E-11
  0.51671956E+03  0.16142409E-11
  0.54030041E+03  0.15547183E-11
  0.56495738E+03  0.14955186E-11
  0.59073959E+03  0.14367326E-11
  0.61769839E+03  0.13783822E-11
  0.64588748E+03  0.13206718E-11
  0.67536299E+03  0.12637809E-11
  0.70618363E+03  0.12077193E-11
  0.73841080E+03  0.11524735E-11
  0.77210867E+03  0.10981202E-11
  0.80734438E+03  0.10449938E-11
  0.84418808E+03  0.99300484E-12
  0.88271317E+03  0.94202697E-12
  0.92299639E+03  0.89254768E-12
  0.96511795E+03  0.84453772E-12
  0.10091618E+04  0.79780584E-12
  0.10552155E+04  0.75242120E-12
  0.11033710E+04  0.70867066E-12
  0.11537241E+04  0.66648572E-12
  0.12063751E+04  0.62583566E-12
  0.12614288E+04  0.58674919E-12
  0.13189950E+04  0.54921477E-12
  0.13791882E+04  0.51335880E-12
  0.14421284E+04  0.47911675E-12
  0.15079409E+04  0.44643014E-12
  0.15767568E+04  0.41537141E-12
  0.16487131E+04  0.38590558E-12
  0.17239533E+04  0.35798977E-12
  0.18026270E+04  0.33159478E-12
  0.18848911E+04  0.30668850E-12
  0.19709094E+04  0.28321363E-12
  0.20608532E+04  0.26116134E-12
  0.21549016E+04  0.24047368E-12
  0.22532420E+04  0.22110266E-12
  0.23560703E+04  0.20299796E-12
  0.24635911E+04  0.18611291E-12
  0.25760188E+04  0.17037692E-12
  0.26935771E+04  0.15575711E-12
  0.28165003E+04  0.14219238E-12
  0.29450332E+04  0.12963009E-12
  0.30794318E+04  0.11800732E-12
  0.32199637E+04  0.10729023E-12
  0.33669090E+04  0.97405217E-13
  0.35205601E+04  0.88315620E-13
  0.36812233E+04  0.79965742E-13
  0.38492184E+04  0.72311350E-13
  0.40248800E+04  0.65306715E-13
  0.42085582E+04  0.58901106E-13
  0.44006186E+04  0.53057727E-13
  0.46014438E+04  0.47743253E-13
  0.48114338E+04  0.42877240E-13
  0.50310068E+04  0.38492110E-13
  0.52606002E+04  0.34501016E-13
  0.55006712E+04  0.30887128E-13
  0.57516981E+04  0.27616912E-13
  0.60141807E+04  0.24664058E-13
  0.62886419E+04  0.22000282E-13
  0.65756283E+04  0.19600312E-13
  0.68757115E+04  0.17441431E-13
  0.71894893E+04  0.15503952E-13
  0.75175865E+04  0.13763504E-13
  0.78606566E+04  0.12203695E-13
  0.82193830E+04  0.10808527E-13
  0.85944801E+04  0.95602844E-14
  0.89866950E+04  0.84474993E-14
  0.93968089E+04  0.74560838E-14
  0.98256386E+04  0.65730350E-14
  0.10274038E+05  0.57876690E-14
  0.10742901E+05  0.50905913E-14
  0.11233160E+05  0.44725366E-14
  0.11745793E+05  0.39249798E-14
  0.12281820E+05  0.34411159E-14
  0.12842310E+05  0.30132318E-14
  0.13428377E+05  0.26359652E-14
  0.14041190E+05  0.23036006E-14
  0.14681969E+05  0.20109270E-14
  0.15351991E+05  0.17538149E-14
  0.16052589E+05  0.15280629E-14
  0.16785160E+05  0.13299238E-14
  0.17551162E+05  0.11563536E-14
  0.18352121E+05  0.10044784E-14
  0.19189633E+05  0.87162593E-15
  0.20065365E+05  0.75583995E-15
  0.20981061E+05  0.65465372E-15
  0.21938546E+05  0.56644487E-15
  0.22939727E+05  0.48975789E-15
  0.23986596E+05  0.42297563E-15
  0.25081241E+05  0.36481631E-15
  0.26225840E+05  0.31458525E-15
  0.27422674E+05  0.27080859E-15
  0.28674126E+05  0.23296690E-15
  0.29982690E+05  0.20021512E-15
  0.31350970E+05  0.17189815E-15
  0.32781693E+05  0.14747803E-15
  0.34277707E+05  0.12632350E-15
  0.35841994E+05  0.10817357E-15
  0.37477667E+05  0.92550925E-16
  0.39187986E+05  0.79052234E-16
  0.40976356E+05  0.67485681E-16
  0.42846340E+05  0.57561049E-16
  0.44801661E+05  0.49055237E-16
  0.46846215E+05  0.41746429E-16
  0.48984074E+05  0.35506570E-16
  0.51219495E+05  0.30159177E-16
  0.53556932E+05  0.25599427E-16
  0.56001038E+05  0.21701829E-16
  0.58556683E+05  0.18382416E-16
  0.61228957E+05  0.15557701E-16
  0.64023182E+05  0.13152594E-16
  0.66944923E+05  0.11104959E-16
  0.70000000E+05  0.93683878E-17
  Principal QN n  Azimuthal QN l
               3               1
 Electron Energy Probability dst
  0.10000000E+01  0.20597056E-10
  0.10456357E+01  0.20690190E-10
  0.10933540E+01  0.20786021E-10
  0.11432499E+01  0.20884544E-10
  0.11954229E+01  0.20985747E-10
  0.12499768E+01  0.21089605E-10
  0.13070204E+01  0.21196082E-10
  0.13666671E+01  0.21305131E-10
  0.14290359E+01  0.21416691E-10
  0.14942509E+01  0.21530684E-10
  0.15624421E+01  0.21647021E-10
  0.16337452E+01  0.21765592E-10
  0.17083022E+01  0.21886272E-10
  0.17862617E+01  0.22008916E-10
  0.18677790E+01  0.22133363E-10
  0.19530164E+01  0.22259427E-10
  0.20421436E+01  0.22386905E-10
  0.21353382E+01  0.22515572E-10
  0.22327858E+01  0.22645184E-10
  0.23346805E+01  0.22775475E-10
  0.24412252E+01  0.22906160E-10
  0.25526322E+01  0.23036937E-10
  0.26691232E+01  0.23167488E-10
  0.27909305E+01  0.23297485E-10
  0.29182965E+01  0.23426589E-10
  0.30514749E+01  0.23554461E-10
  0.31907310E+01  0.23680767E-10
  0.33363422E+01  0.23805187E-10
  0.34885984E+01  0.23927425E-10
  0.36478030E+01  0.24047227E-10
  0.38142729E+01  0.24164394E-10
  0.39883398E+01  0.24278804E-10
  0.41703504E+01  0.24390440E-10
  0.43606672E+01  0.24499415E-10
  0.45596692E+01  0.24606013E-10
  0.47677528E+01  0.24710688E-10
  0.49853324E+01  0.24813477E-10
  0.52128414E+01  0.24914000E-10
  0.54507329E+01  0.25011864E-10
  0.56994808E+01  0.25106683E-10
  0.59595804E+01  0.25198087E-10
  0.62315499E+01  0.25285737E-10
  0.65159309E+01  0.25369335E-10
  0.68132898E+01  0.25448648E-10
  0.71242189E+01  0.25523529E-10
  0.74493374E+01  0.25593944E-10
  0.77892930E+01  0.25660002E-10
  0.81447626E+01  0.25722000E-10
  0.85164544E+01  0.25780432E-10
  0.89051085E+01  0.25835417E-10
  0.93114992E+01  0.25886640E-10
  0.97364357E+01  0.25933793E-10
  0.10180765E+02  0.25976606E-10
  0.10645371E+02  0.26014862E-10
  0.11131179E+02  0.26048419E-10
  0.11639158E+02  0.26077228E-10
  0.12170319E+02  0.26101364E-10
  0.12725720E+02  0.26121060E-10
  0.13306467E+02  0.26136743E-10
  0.13913716E+02  0.26149083E-10
  0.14548678E+02  0.26158659E-10
  0.15212617E+02  0.26165354E-10
  0.15906855E+02  0.26168949E-10
  0.16632775E+02  0.26169241E-10
  0.17391823E+02  0.26166046E-10
  0.18185510E+02  0.26159213E-10
  0.19015418E+02  0.26148629E-10
  0.19883200E+02  0.26134239E-10
  0.20790583E+02  0.26116057E-10
  0.21739375E+02  0.26094124E-10
  0.22731466E+02  0.26068309E-10
  0.23768832E+02  0.26038446E-10
  0.24853539E+02  0.26004406E-10
  0.25987747E+02  0.25966104E-10
  0.27173715E+02  0.25923515E-10
  0.28413806E+02  0.25876688E-10
  0.29710489E+02  0.25825634E-10
  0.31066348E+02  0.25770163E-10
  0.32484081E+02  0.25710072E-10
  0.33966514E+02  0.25645176E-10
  0.35516599E+02  0.25575313E-10
  0.37137423E+02  0.25500358E-10
  0.38832214E+02  0.25420202E-10
  0.40604349E+02  0.25334643E-10
  0.42457356E+02  0.25243457E-10
  0.44394926E+02  0.25146438E-10
  0.46420918E+02  0.25043405E-10
  0.48539368E+02  0.24934212E-10
  0.50754495E+02  0.24818742E-10
  0.53070711E+02  0.24696820E-10
  0.55492628E+02  0.24568254E-10
  0.58025072E+02  0.24432888E-10
  0.60673085E+02  0.24290602E-10
  0.63441942E+02  0.24141281E-10
  0.66337158E+02  0.23984761E-10
  0.69364499E+02  0.23820908E-10
  0.72529995E+02  0.23649632E-10
  0.75839950E+02  0.23470868E-10
  0.79300958E+02  0.23284460E-10
  0.82919910E+02  0.23090241E-10
  0.86704016E+02  0.22888070E-10
  0.90660813E+02  0.22677850E-10
  0.94798180E+02  0.22459672E-10
  0.99124359E+02  0.22233883E-10
  0.10364797E+03  0.22000998E-10
  0.10837801E+03  0.21761483E-10
  0.11332391E+03  0.21514943E-10
  0.11849553E+03  0.21260625E-10
  0.12390315E+03  0.20997693E-10
  0.12955756E+03  0.20726215E-10
  0.13547000E+03  0.20447010E-10
  0.14165227E+03  0.20161135E-10
  0.14811666E+03  0.19868957E-10
  0.15487607E+03  0.19569962E-10
  0.16194394E+03  0.19263442E-10
  0.16933436E+03  0.18949122E-10
  0.17706205E+03  0.18627619E-10
  0.18514240E+03  0.18299726E-10
  0.19359150E+03  0.17965639E-10
  0.20242617E+03  0.17625072E-10
  0.21166403E+03  0.17277798E-10
  0.22132346E+03  0.16924044E-10
  0.23142371E+03  0.16564158E-10
  0.24198488E+03  0.16198421E-10
  0.25302803E+03  0.15826997E-10
  0.26457513E+03  0.15450144E-10
  0.27664920E+03  0.15068415E-10
  0.28927427E+03  0.14682369E-10
  0.30247550E+03  0.14292252E-10
  0.31627917E+03  0.13898185E-10
  0.33071278E+03  0.13500504E-10
  0.34580508E+03  0.13099690E-10
  0.36158613E+03  0.12696209E-10
  0.37808736E+03  0.12290554E-10
  0.39534163E+03  0.11883567E-10
  0.41338331E+03  0.11476112E-10
  0.43224834E+03  0.11068228E-10
  0.45197428E+03  0.10660114E-10
  0.47260044E+03  0.10253524E-10
  0.49416788E+03  0.98494319E-11
  0.51671956E+03  0.94475982E-11
  0.54030041E+03  0.90484452E-11
  0.56495738E+03  0.86528333E-11
  0.59073959E+03  0.82620544E-11
  0.61769839E+03  0.78769508E-11
  0.64588748E+03  0.74980210E-11
  0.67536299E+03  0.71258639E-11
  0.70618363E+03  0.67611432E-11
  0.73841080E+03  0.64044624E-11
  0.77210867E+03  0.60563148E-11
  0.80734438E+03  0.57175012E-11
  0.84418808E+03  0.53885317E-11
  0.88271317E+03  0.50695620E-11
  0.92299639E+03  0.47609212E-11
  0.96511795E+03  0.44633972E-11
  0.10091618E+04  0.41770817E-11
  0.10552155E+04  0.39021022E-11
  0.11033710E+04  0.36386232E-11
  0.11537241E+04  0.33867449E-11
  0.12063751E+04  0.31465516E-11
  0.12614288E+04  0.29180529E-11
  0.13189950E+04  0.27011872E-11
  0.13791882E+04  0.24957676E-11
  0.14421284E+04  0.23016935E-11
  0.15079409E+04  0.21188212E-11
  0.15767568E+04  0.19467869E-11
  0.16487131E+04  0.17853551E-11
  0.17239533E+04  0.16343617E-11
  0.18026270E+04  0.14932907E-11
  0.18848911E+04  0.13618605E-11
  0.19709094E+04  0.12396563E-11
  0.20608532E+04  0.11263394E-11
  0.21549016E+04  0.10214759E-11
  0.22532420E+04  0.92463835E-12
  0.23560703E+04  0.83543285E-12
  0.24635911E+04  0.75346474E-12
  0.25760188E+04  0.67818842E-12
  0.26935771E+04  0.60941317E-12
  0.28165003E+04  0.54655055E-12
  0.29450332E+04  0.48928294E-12
  0.30794318E+04  0.43721978E-12
  0.32199637E+04  0.38999301E-12
  0.33669090E+04  0.34724776E-12
  0.35205601E+04  0.30863140E-12
  0.36812233E+04  0.27382141E-12
  0.38492184E+04  0.24251034E-12
  0.40248800E+04  0.21440353E-12
  0.42085582E+04  0.18923200E-12
  0.44006186E+04  0.16672630E-12
  0.46014438E+04  0.14664771E-12
  0.48114338E+04  0.12877115E-12
  0.50310068E+04  0.11287845E-12
  0.52606002E+04  0.98773799E-13
  0.55006712E+04  0.86300458E-13
  0.57516981E+04  0.75270443E-13
  0.60141807E+04  0.65540879E-13
  0.62886419E+04  0.56976604E-13
  0.65756283E+04  0.49448337E-13
  0.68757115E+04  0.42844001E-13
  0.71894893E+04  0.37061059E-13
  0.75175865E+04  0.32006847E-13
  0.78606566E+04  0.27596112E-13
  0.82193830E+04  0.23754926E-13
  0.85944801E+04  0.20417525E-13
  0.89866950E+04  0.17521365E-13
  0.93968089E+04  0.15011799E-13
  0.98256386E+04  0.12842479E-13
  0.10274038E+05  0.10969849E-13
  0.10742901E+05  0.93554523E-14
  0.11233160E+05  0.79684501E-14
  0.11745793E+05  0.67764980E-14
  0.12281820E+05  0.57553396E-14
  0.12842310E+05  0.48809761E-14
  0.13428377E+05  0.41337485E-14
  0.14041190E+05  0.34964224E-14
  0.14681969E+05  0.29534483E-14
  0.15351991E+05  0.24915195E-14
  0.16052589E+05  0.20990787E-14
  0.16785160E+05  0.17668149E-14
  0.17551162E+05  0.14849423E-14
  0.18352121E+05  0.12464876E-14
  0.19189633E+05  0.10450659E-14
  0.20065365E+05  0.87509272E-15
  0.20981061E+05  0.73202935E-15
  0.21938546E+05  0.61169837E-15
  0.22939727E+05  0.51027951E-15
  0.23986596E+05  0.42536343E-15
  0.25081241E+05  0.35403534E-15
  0.26225840E+05  0.29429410E-15
  0.27422674E+05  0.24444434E-15
  0.28674126E+05  0.20277506E-15
  0.29982690E+05  0.16808999E-15
  0.31350970E+05  0.13911030E-15
  0.32781693E+05  0.11506293E-15
  0.34277707E+05  0.94962504E-16
  0.35841994E+05  0.78403104E-16
  0.37477667E+05  0.64557548E-16
  0.39187986E+05  0.53199494E-16
  0.40976356E+05  0.43797299E-16
  0.42846340E+05  0.35987797E-16
  0.44801661E+05  0.29526344E-16
  0.46846215E+05  0.24190736E-16
  0.48984074E+05  0.19803220E-16
  0.51219495E+05  0.16205073E-16
  0.53556932E+05  0.13257211E-16
  0.56001038E+05  0.10833027E-16
  0.58556683E+05  0.88191753E-17
  0.61228957E+05  0.71878989E-17
  0.64023182E+05  0.58592260E-17
  0.66944923E+05  0.47576254E-17
  0.70000000E+05  0.38640155E-17
  Principal QN n  Azimuthal QN l
               3               2
 Electron Energy Probability dst
  0.10000000E+01  0.80705294E-11
  0.10456357E+01  0.81038572E-11
  0.10933540E+01  0.81395390E-11
  0.11432499E+01  0.81778027E-11
  0.11954229E+01  0.82189040E-11
  0.12499768E+01  0.82631301E-11
  0.13070204E+01  0.83108043E-11
  0.13666671E+01  0.83622904E-11
  0.14290359E+01  0.84179986E-11
  0.14942509E+01  0.84783919E-11
  0.15624421E+01  0.85439933E-11
  0.16337452E+01  0.86153943E-11
  0.17083022E+01  0.86932639E-11
  0.17862617E+01  0.87783604E-11
  0.18677790E+01  0.88715429E-11
  0.19530164E+01  0.89737858E-11
  0.20421436E+01  0.90861954E-11
  0.21353382E+01  0.92100276E-11
  0.22327858E+01  0.93467099E-11
  0.23346805E+01  0.94978649E-11
  0.24412252E+01  0.96653382E-11
  0.25526322E+01  0.98512300E-11
  0.26691232E+01  0.10057931E-10
  0.27909305E+01  0.10288164E-10
  0.29182965E+01  0.10545029E-10
  0.30514749E+01  0.10832062E-10
  0.31907310E+01  0.11153290E-10
  0.33363422E+01  0.11513307E-10
  0.34885984E+01  0.11917349E-10
  0.36478030E+01  0.12371392E-10
  0.38142729E+01  0.12882252E-10
  0.39883398E+01  0.13457707E-10
  0.41703504E+01  0.14106665E-10
  0.43606672E+01  0.14839548E-10
  0.45596692E+01  0.15668425E-10
  0.47677528E+01  0.16607139E-10
  0.49853324E+01  0.17671569E-10
  0.52128414E+01  0.18879924E-10
  0.54507329E+01  0.20253089E-10
  0.56994808E+01  0.21815010E-10
  0.59595804E+01  0.23593152E-10
  0.62315499E+01  0.25619003E-10
  0.65159309E+01  0.27928665E-10
  0.68132898E+01  0.30563782E-10
  0.71242189E+01  0.33592581E-10
  0.74493374E+01  0.37132867E-10
  0.77892930E+01  0.41331556E-10
  0.81447626E+01  0.46366515E-10
  0.85164544E+01  0.52452060E-10
  0.89051085E+01  0.59845341E-10
  0.93114992E+01  0.68853771E-10
  0.97364357E+01  0.79843627E-10
  0.10180765E+02  0.93250041E-10
  0.10645371E+02  0.10958856E-09
  0.11131179E+02  0.12941455E-09
  0.11639158E+02  0.15290730E-09
  0.12170319E+02  0.17997764E-09
  0.12725720E+02  0.21043292E-09
  0.13306467E+02  0.24395400E-09
  0.13913716E+02  0.28006638E-09
  0.14548678E+02  0.31810609E-09
  0.15212617E+02  0.35717961E-09
  0.15906855E+02  0.39611669E-09
  0.16632775E+02  0.43341500E-09
  0.17391823E+02  0.46730374E-09
  0.18185510E+02  0.49682961E-09
  0.19015418E+02  0.52159327E-09
  0.19883200E+02  0.54121607E-09
  0.20790583E+02  0.55534559E-09
  0.21739375E+02  0.56366934E-09
  0.22731466E+02  0.56593139E-09
  0.23768832E+02  0.56197453E-09
  0.24853539E+02  0.55208518E-09
  0.25987747E+02  0.53705043E-09
  0.27173715E+02  0.51802735E-09
  0.28413806E+02  0.49661791E-09
  0.29710489E+02  0.47496345E-09
  0.31066348E+02  0.45542160E-09
  0.32484081E+02  0.43850661E-09
  0.33966514E+02  0.42391700E-09
  0.35516599E+02  0.41119011E-09
  0.37137423E+02  0.39966615E-09
  0.38832214E+02  0.38848112E-09
  0.40604349E+02  0.37720434E-09
  0.42457356E+02  0.36594263E-09
  0.44394926E+02  0.35485318E-09
  0.46420918E+02  0.34413025E-09
  0.48539368E+02  0.33401191E-09
  0.50754495E+02  0.32477601E-09
  0.53070711E+02  0.31650763E-09
  0.55492628E+02  0.30904312E-09
  0.58025072E+02  0.30213393E-09
  0.60673085E+02  0.29545842E-09
  0.63441942E+02  0.28887772E-09
  0.66337158E+02  0.28241764E-09
  0.69364499E+02  0.27610935E-09
  0.72529995E+02  0.26997925E-09
  0.75839950E+02  0.26401463E-09
  0.79300958E+02  0.25817689E-09
  0.82919910E+02  0.25240883E-09
  0.86704016E+02  0.24665785E-09
  0.90660813E+02  0.24092029E-09
  0.94798180E+02  0.23519817E-09
  0.99124359E+02  0.22949023E-09
  0.10364797E+03  0.22379218E-09
  0.10837801E+03  0.21809728E-09
  0.11332391E+03  0.21239369E-09
  0.11849553E+03  0.20667461E-09
  0.12390315E+03  0.20094630E-09
  0.12955756E+03  0.19521520E-09
  0.13547000E+03  0.18948586E-09
  0.14165227E+03  0.18376039E-09
  0.14811666E+03  0.17803802E-09
  0.15487607E+03  0.17232087E-09
  0.16194394E+03  0.16661775E-09
  0.16933436E+03  0.16093733E-09
  0.17706205E+03  0.15528856E-09
  0.18514240E+03  0.14967970E-09
  0.19359150E+03  0.14411778E-09
  0.20242617E+03  0.13860806E-09
  0.21166403E+03  0.13315579E-09
  0.22132346E+03  0.12776818E-09
  0.23142371E+03  0.12245056E-09
  0.24198488E+03  0.11720965E-09
  0.25302803E+03  0.11205294E-09
  0.26457513E+03  0.10698453E-09
  0.27664920E+03  0.10200536E-09
  0.28927427E+03  0.97120408E-10
  0.30247550E+03  0.92335577E-10
  0.31627917E+03  0.87656840E-10
  0.33071278E+03  0.83088294E-10
  0.34580508E+03  0.78631609E-10
  0.36158613E+03  0.74288249E-10
  0.37808736E+03  0.70066071E-10
  0.39534163E+03  0.65970437E-10
  0.41338331E+03  0.62001616E-10
  0.43224834E+03  0.58162364E-10
  0.45197428E+03  0.54458157E-10
  0.47260044E+03  0.50891793E-10
  0.49416788E+03  0.47465530E-10
  0.51671956E+03  0.44181192E-10
  0.54030041E+03  0.41039019E-10
  0.56495738E+03  0.38043039E-10
  0.59073959E+03  0.35196272E-10
  0.61769839E+03  0.32488575E-10
  0.64588748E+03  0.29925918E-10
  0.67536299E+03  0.27508873E-10
  0.70618363E+03  0.25230335E-10
  0.73841080E+03  0.23089872E-10
  0.77210867E+03  0.21084470E-10
  0.80734438E+03  0.19212020E-10
  0.84418808E+03  0.17467145E-10
  0.88271317E+03  0.15844182E-10
  0.92299639E+03  0.14340151E-10
  0.96511795E+03  0.12950205E-10
  0.10091618E+04  0.11667930E-10
  0.10552155E+04  0.10488609E-10
  0.11033710E+04  0.94071786E-11
  0.11537241E+04  0.84180931E-11
  0.12063751E+04  0.75156638E-11
  0.12614288E+04  0.66945488E-11
  0.13189950E+04  0.59493207E-11
  0.13791882E+04  0.52751094E-11
  0.14421284E+04  0.46664126E-11
  0.15079409E+04  0.41183242E-11
  0.15767568E+04  0.36263572E-11
  0.16487131E+04  0.31858670E-11
  0.17239533E+04  0.27924714E-11
  0.18026270E+04  0.24419728E-11
  0.18848911E+04  0.21306292E-11
  0.19709094E+04  0.18548127E-11
  0.20608532E+04  0.16110932E-11
  0.21549016E+04  0.13964082E-11
  0.22532420E+04  0.12075268E-11
  0.23560703E+04  0.10419479E-11
  0.24635911E+04  0.89715058E-12
  0.25760188E+04  0.77084857E-12
  0.26935771E+04  0.66106528E-12
  0.28165003E+04  0.56565517E-12
  0.29450332E+04  0.48301489E-12
  0.30794318E+04  0.41162595E-12
  0.32199637E+04  0.35008437E-12
  0.33669090E+04  0.29731195E-12
  0.35205601E+04  0.25188037E-12
  0.36812233E+04  0.21297287E-12
  0.38492184E+04  0.17970525E-12
  0.40248800E+04  0.15139326E-12
  0.42085582E+04  0.12731760E-12
  0.44006186E+04  0.10688656E-12
  0.46014438E+04  0.89519183E-13
  0.48114338E+04  0.74825401E-13
  0.50310068E+04  0.62429981E-13
  0.52606002E+04  0.51988047E-13
  0.55006712E+04  0.43218899E-13
  0.57516981E+04  0.35881578E-13
  0.60141807E+04  0.29733002E-13
  0.62886419E+04  0.24571694E-13
  0.65756283E+04  0.20267265E-13
  0.68757115E+04  0.16704024E-13
  0.71894893E+04  0.13753209E-13
  0.75175865E+04  0.11286159E-13
  0.78606566E+04  0.92421353E-14
  0.82193830E+04  0.75594704E-14
  0.85944801E+04  0.61713582E-14
  0.89866950E+04  0.50290883E-14
  0.93968089E+04  0.41010734E-14
  0.98256386E+04  0.33379148E-14
  0.10274038E+05  0.27064293E-14
  0.10742901E+05  0.21929332E-14
  0.11233160E+05  0.17737733E-14
  0.11745793E+05  0.14331204E-14
  0.12281820E+05  0.11582110E-14
  0.12842310E+05  0.93535403E-15
  0.13428377E+05  0.75315077E-15
  0.14041190E+05  0.60532408E-15
  0.14681969E+05  0.48588161E-15
  0.15351991E+05  0.38970523E-15
  0.16052589E+05  0.31198533E-15
  0.16785160E+05  0.25106210E-15
  0.17551162E+05  0.20052985E-15
  0.18352121E+05  0.16008431E-15
  0.19189633E+05  0.12757988E-15
  0.20065365E+05  0.10146708E-15
  0.20981061E+05  0.80736094E-16
  0.21938546E+05  0.64593122E-16
  0.22939727E+05  0.51185365E-16
  0.23986596E+05  0.40600609E-16
  0.25081241E+05  0.32132863E-16
  0.26225840E+05  0.25429863E-16
  0.27422674E+05  0.20058727E-16
  0.28674126E+05  0.15817657E-16
  0.29982690E+05  0.12616704E-16
  0.31350970E+05  0.99246925E-17
  0.32781693E+05  0.78112464E-17
  0.34277707E+05  0.61396280E-17
  0.35841994E+05  0.48170960E-17
  0.37477667E+05  0.37846306E-17
  0.39187986E+05  0.29717701E-17
  0.40976356E+05  0.23461568E-17
  0.42846340E+05  0.18366996E-17
  0.44801661E+05  0.14330010E-17
  0.46846215E+05  0.11199391E-17
  0.48984074E+05  0.86872050E-18
  0.51219495E+05  0.67820901E-18
  0.53556932E+05  0.53060795E-18
  0.56001038E+05  0.41450027E-18
  0.58556683E+05  0.32158537E-18
  0.61228957E+05  0.24899490E-18
  0.64023182E+05  0.19245447E-18
  0.66944923E+05  0.14848934E-18
  0.70000000E+05  0.11552971E-18
  Principal QN n  Azimuthal QN l
               4               0
 Electron Energy Probability dst
  0.10000000E+01  0.48358145E-10
  0.10456357E+01  0.48358955E-10
  0.10933540E+01  0.48359488E-10
  0.11432499E+01  0.48359706E-10
  0.11954229E+01  0.48359568E-10
  0.12499768E+01  0.48359028E-10
  0.13070204E+01  0.48358038E-10
  0.13666671E+01  0.48356542E-10
  0.14290359E+01  0.48354484E-10
  0.14942509E+01  0.48351799E-10
  0.15624421E+01  0.48348420E-10
  0.16337452E+01  0.48344272E-10
  0.17083022E+01  0.48339277E-10
  0.17862617E+01  0.48333349E-10
  0.18677790E+01  0.48326396E-10
  0.19530164E+01  0.48318322E-10
  0.20421436E+01  0.48309027E-10
  0.21353382E+01  0.48298405E-10
  0.22327858E+01  0.48286342E-10
  0.23346805E+01  0.48272723E-10
  0.24412252E+01  0.48257426E-10
  0.25526322E+01  0.48240325E-10
  0.26691232E+01  0.48221291E-10
  0.27909305E+01  0.48200194E-10
  0.29182965E+01  0.48176901E-10
  0.30514749E+01  0.48151283E-10
  0.31907310E+01  0.48123211E-10
  0.33363422E+01  0.48092566E-10
  0.34885984E+01  0.48059235E-10
  0.36478030E+01  0.48023120E-10
  0.38142729E+01  0.47984142E-10
  0.39883398E+01  0.47942207E-10
  0.41703504E+01  0.47897149E-10
  0.43606672E+01  0.47848794E-10
  0.45596692E+01  0.47796966E-10
  0.47677528E+01  0.47741492E-10
  0.49853324E+01  0.47682204E-10
  0.52128414E+01  0.47618944E-10
  0.54507329E+01  0.47551569E-10
  0.56994808E+01  0.47479951E-10
  0.59595804E+01  0.47403921E-10
  0.62315499E+01  0.47323240E-10
  0.65159309E+01  0.47237661E-10
  0.68132898E+01  0.47146929E-10
  0.71242189E+01  0.47050792E-10
  0.74493374E+01  0.46948994E-10
  0.77892930E+01  0.46841285E-10
  0.81447626E+01  0.46727443E-10
  0.85164544E+01  0.46607295E-10
  0.89051085E+01  0.46480706E-10
  0.93114992E+01  0.46347584E-10
  0.97364357E+01  0.46207894E-10
  0.10180765E+02  0.46061672E-10
  0.10645371E+02  0.45908997E-10
  0.11131179E+02  0.45749716E-10
  0.11639158E+02  0.45583553E-10
  0.12170319E+02  0.45410218E-10
  0.12725720E+02  0.45229410E-10
  0.13306467E+02  0.45040816E-10
  0.13913716E+02  0.44844106E-10
  0.14548678E+02  0.44638940E-10
  0.15212617E+02  0.44425017E-10
  0.15906855E+02  0.44202118E-10
  0.16632775E+02  0.43970052E-10
  0.17391823E+02  0.43728661E-10
  0.18185510E+02  0.43477828E-10
  0.19015418E+02  0.43217487E-10
  0.19883200E+02  0.42947623E-10
  0.20790583E+02  0.42668107E-10
  0.21739375E+02  0.42378699E-10
  0.22731466E+02  0.42079155E-10
  0.23768832E+02  0.41769228E-10
  0.24853539E+02  0.41448657E-10
  0.25987747E+02  0.41117026E-10
  0.27173715E+02  0.40773795E-10
  0.28413806E+02  0.40418342E-10
  0.29710489E+02  0.40050140E-10
  0.31066348E+02  0.39669046E-10
  0.32484081E+02  0.39275030E-10
  0.33966514E+02  0.38868111E-10
  0.35516599E+02  0.38448106E-10
  0.37137423E+02  0.38014709E-10
  0.38832214E+02  0.37567592E-10
  0.40604349E+02  0.37106426E-10
  0.42457356E+02  0.36631054E-10
  0.44394926E+02  0.36141437E-10
  0.46420918E+02  0.35637586E-10
  0.48539368E+02  0.35119567E-10
  0.50754495E+02  0.34587414E-10
  0.53070711E+02  0.34041116E-10
  0.55492628E+02  0.33480685E-10
  0.58025072E+02  0.32906095E-10
  0.60673085E+02  0.32317121E-10
  0.63441942E+02  0.31713497E-10
  0.66337158E+02  0.31095777E-10
  0.69364499E+02  0.30465289E-10
  0.72529995E+02  0.29822935E-10
  0.75839950E+02  0.29168503E-10
  0.79300958E+02  0.28501642E-10
  0.82919910E+02  0.27822901E-10
  0.86704016E+02  0.27133409E-10
  0.90660813E+02  0.26434441E-10
  0.94798180E+02  0.25726925E-10
  0.99124359E+02  0.25011530E-10
  0.10364797E+03  0.24289023E-10
  0.10837801E+03  0.23560999E-10
  0.11332391E+03  0.22829146E-10
  0.11849553E+03  0.22093885E-10
  0.12390315E+03  0.21355974E-10
  0.12955756E+03  0.20617473E-10
  0.13547000E+03  0.19880041E-10
  0.14165227E+03  0.19144718E-10
  0.14811666E+03  0.18412613E-10
  0.15487607E+03  0.17685385E-10
  0.16194394E+03  0.16964553E-10
  0.16933436E+03  0.16250180E-10
  0.17706205E+03  0.15543153E-10
  0.18514240E+03  0.14847155E-10
  0.19359150E+03  0.14162059E-10
  0.20242617E+03  0.13487936E-10
  0.21166403E+03  0.12827492E-10
  0.22132346E+03  0.12181903E-10
  0.23142371E+03  0.11550777E-10
  0.24198488E+03  0.10935851E-10
  0.25302803E+03  0.10339303E-10
  0.26457513E+03  0.97604711E-11
  0.27664920E+03  0.91982506E-11
  0.28927427E+03  0.86560824E-11
  0.30247550E+03  0.81351511E-11
  0.31627917E+03  0.76314371E-11
  0.33071278E+03  0.71481031E-11
  0.34580508E+03  0.66875806E-11
  0.36158613E+03  0.62455799E-11
  0.37808736E+03  0.58228617E-11
  0.39534163E+03  0.54234467E-11
  0.41338331E+03  0.50421064E-11
  0.43224834E+03  0.46807526E-11
  0.45197428E+03  0.43404316E-11
  0.47260044E+03  0.40177822E-11
  0.49416788E+03  0.37143116E-11
  0.51671956E+03  0.34295152E-11
  0.54030041E+03  0.31617482E-11
  0.56495738E+03  0.29107743E-11
  0.59073959E+03  0.26762009E-11
  0.61769839E+03  0.24574730E-11
  0.64588748E+03  0.22533921E-11
  0.67536299E+03  0.20634665E-11
  0.70618363E+03  0.18871401E-11
  0.73841080E+03  0.17237947E-11
  0.77210867E+03  0.15725918E-11
  0.80734438E+03  0.14327235E-11
  0.84418808E+03  0.13036555E-11
  0.88271317E+03  0.11850340E-11
  0.92299639E+03  0.10756397E-11
  0.96511795E+03  0.97528650E-12
  0.10091618E+04  0.88326729E-12
  0.10552155E+04  0.79906561E-12
  0.11033710E+04  0.72203812E-12
  0.11537241E+04  0.65170288E-12
  0.12063751E+04  0.58763252E-12
  0.12614288E+04  0.52929551E-12
  0.13189950E+04  0.47624454E-12
  0.13791882E+04  0.42809245E-12
  0.14421284E+04  0.38444436E-12
  0.15079409E+04  0.34487743E-12
  0.15767568E+04  0.30909870E-12
  0.16487131E+04  0.27674809E-12
  0.17239533E+04  0.24760259E-12
  0.18026270E+04  0.22137878E-12
  0.18848911E+04  0.19772260E-12
  0.19709094E+04  0.17645678E-12
  0.20608532E+04  0.15735663E-12
  0.21549016E+04  0.14019743E-12
  0.22532420E+04  0.12483298E-12
  0.23560703E+04  0.11105746E-12
  0.24635911E+04  0.98731856E-13
  0.25760188E+04  0.87715872E-13
  0.26935771E+04  0.77868717E-13
  0.28165003E+04  0.69088190E-13
  0.29450332E+04  0.61250036E-13
  0.30794318E+04  0.54269788E-13
  0.32199637E+04  0.48047466E-13
  0.33669090E+04  0.42513350E-13
  0.35205601E+04  0.37592413E-13
  0.36812233E+04  0.33223491E-13
  0.38492184E+04  0.29341665E-13
  0.40248800E+04  0.25897840E-13
  0.42085582E+04  0.22843212E-13
  0.44006186E+04  0.20138697E-13
  0.46014438E+04  0.17743740E-13
  0.48114338E+04  0.15625040E-13
  0.50310068E+04  0.13750479E-13
  0.52606002E+04  0.12094214E-13
  0.55006712E+04  0.10631821E-13
  0.57516981E+04  0.93399963E-14
  0.60141807E+04  0.82015613E-14
  0.62886419E+04  0.71985210E-14
  0.65756283E+04  0.63123038E-14
  0.68757115E+04  0.55330059E-14
  0.71894893E+04  0.48492443E-14
  0.75175865E+04  0.42461053E-14
  0.78606566E+04  0.37154962E-14
  0.82193830E+04  0.32496148E-14
  0.85944801E+04  0.28402233E-14
  0.89866950E+04  0.24805700E-14
  0.93968089E+04  0.21655824E-14
  0.98256386E+04  0.18889891E-14
  0.10274038E+05  0.16461239E-14
  0.10742901E+05  0.14338986E-14
  0.11233160E+05  0.12480757E-14
  0.11745793E+05  0.10852419E-14
  0.12281820E+05  0.94314097E-15
  0.12842310E+05  0.81921766E-15
  0.13428377E+05  0.71077018E-15
  0.14041190E+05  0.61637359E-15
  0.14681969E+05  0.53418983E-15
  0.15351991E+05  0.46226267E-15
  0.16052589E+05  0.39991121E-15
  0.16785160E+05  0.34559183E-15
  0.17551162E+05  0.29859202E-15
  0.18352121E+05  0.25777846E-15
  0.19189633E+05  0.22241240E-15
  0.20065365E+05  0.19170142E-15
  0.20981061E+05  0.16495683E-15
  0.21938546E+05  0.14200561E-15
  0.22939727E+05  0.12212186E-15
  0.23986596E+05  0.10492499E-15
  0.25081241E+05  0.90070956E-16
  0.26225840E+05  0.77288142E-16
  0.27422674E+05  0.66248974E-16
  0.28674126E+05  0.56770131E-16
  0.29982690E+05  0.48594343E-16
  0.31350970E+05  0.41580649E-16
  0.32781693E+05  0.35508706E-16
  0.34277707E+05  0.30341330E-16
  0.35841994E+05  0.25899425E-16
  0.37477667E+05  0.22084817E-16
  0.39187986E+05  0.18806835E-16
  0.40976356E+05  0.15980417E-16
  0.42846340E+05  0.13618238E-16
  0.44801661E+05  0.11563793E-16
  0.46846215E+05  0.98277429E-17
  0.48984074E+05  0.83180840E-17
  0.51219495E+05  0.70580456E-17
  0.53556932E+05  0.59759383E-17
  0.56001038E+05  0.50557773E-17
  0.58556683E+05  0.42681510E-17
  0.61228957E+05  0.36036784E-17
  0.64023182E+05  0.30456425E-17
  0.66944923E+05  0.25638620E-17
  0.70000000E+05  0.21594898E-17
  Principal QN n  Azimuthal QN l
               4               1
 Electron Energy Probability dst
  0.10000000E+01  0.26243063E-09
  0.10456357E+01  0.26221885E-09
  0.10933540E+01  0.26199673E-09
  0.11432499E+01  0.26176374E-09
  0.11954229E+01  0.26151931E-09
  0.12499768E+01  0.26126286E-09
  0.13070204E+01  0.26099374E-09
  0.13666671E+01  0.26071130E-09
  0.14290359E+01  0.26041483E-09
  0.14942509E+01  0.26010363E-09
  0.15624421E+01  0.25977698E-09
  0.16337452E+01  0.25943411E-09
  0.17083022E+01  0.25907425E-09
  0.17862617E+01  0.25869658E-09
  0.18677790E+01  0.25830026E-09
  0.19530164E+01  0.25788440E-09
  0.20421436E+01  0.25744811E-09
  0.21353382E+01  0.25699046E-09
  0.22327858E+01  0.25651051E-09
  0.23346805E+01  0.25600731E-09
  0.24412252E+01  0.25547986E-09
  0.25526322E+01  0.25492720E-09
  0.26691232E+01  0.25434835E-09
  0.27909305E+01  0.25374234E-09
  0.29182965E+01  0.25310823E-09
  0.30514749E+01  0.25244501E-09
  0.31907310E+01  0.25175166E-09
  0.33363422E+01  0.25102715E-09
  0.34885984E+01  0.25027035E-09
  0.36478030E+01  0.24948002E-09
  0.38142729E+01  0.24865490E-09
  0.39883398E+01  0.24779372E-09
  0.41703504E+01  0.24689521E-09
  0.43606672E+01  0.24595812E-09
  0.45596692E+01  0.24498121E-09
  0.47677528E+01  0.24396327E-09
  0.49853324E+01  0.24290312E-09
  0.52128414E+01  0.24179947E-09
  0.54507329E+01  0.24065101E-09
  0.56994808E+01  0.23945647E-09
  0.59595804E+01  0.23821462E-09
  0.62315499E+01  0.23692431E-09
  0.65159309E+01  0.23558451E-09
  0.68132898E+01  0.23419462E-09
  0.71242189E+01  0.23275451E-09
  0.74493374E+01  0.23126399E-09
  0.77892930E+01  0.22972285E-09
  0.81447626E+01  0.22813113E-09
  0.85164544E+01  0.22648914E-09
  0.89051085E+01  0.22479670E-09
  0.93114992E+01  0.22305314E-09
  0.97364357E+01  0.22125789E-09
  0.10180765E+02  0.21941066E-09
  0.10645371E+02  0.21751128E-09
  0.11131179E+02  0.21555978E-09
  0.11639158E+02  0.21355698E-09
  0.12170319E+02  0.21150438E-09
  0.12725720E+02  0.20940386E-09
  0.13306467E+02  0.20725719E-09
  0.13913716E+02  0.20506619E-09
  0.14548678E+02  0.20283301E-09
  0.15212617E+02  0.20055998E-09
  0.15906855E+02  0.19824902E-09
  0.16632775E+02  0.19590198E-09
  0.17391823E+02  0.19352085E-09
  0.18185510E+02  0.19110814E-09
  0.19015418E+02  0.18866656E-09
  0.19883200E+02  0.18619914E-09
  0.20790583E+02  0.18370962E-09
  0.21739375E+02  0.18120203E-09
  0.22731466E+02  0.17868042E-09
  0.23768832E+02  0.17614833E-09
  0.24853539E+02  0.17360900E-09
  0.25987747E+02  0.17106555E-09
  0.27173715E+02  0.16852129E-09
  0.28413806E+02  0.16597978E-09
  0.29710489E+02  0.16344340E-09
  0.31066348E+02  0.16091326E-09
  0.32484081E+02  0.15838982E-09
  0.33966514E+02  0.15587575E-09
  0.35516599E+02  0.15337372E-09
  0.37137423E+02  0.15088676E-09
  0.38832214E+02  0.14841680E-09
  0.40604349E+02  0.14596422E-09
  0.42457356E+02  0.14352774E-09
  0.44394926E+02  0.14110592E-09
  0.46420918E+02  0.13869949E-09
  0.48539368E+02  0.13630842E-09
  0.50754495E+02  0.13393114E-09
  0.53070711E+02  0.13156612E-09
  0.55492628E+02  0.12921082E-09
  0.58025072E+02  0.12686071E-09
  0.60673085E+02  0.12451402E-09
  0.63441942E+02  0.12217111E-09
  0.66337158E+02  0.11982815E-09
  0.69364499E+02  0.11747606E-09
  0.72529995E+02  0.11510930E-09
  0.75839950E+02  0.11272835E-09
  0.79300958E+02  0.11033271E-09
  0.82919910E+02  0.10791969E-09
  0.86704016E+02  0.10548481E-09
  0.90660813E+02  0.10302472E-09
  0.94798180E+02  0.10053883E-09
  0.99124359E+02  0.98026283E-10
  0.10364797E+03  0.95486937E-10
  0.10837801E+03  0.92920652E-10
  0.11332391E+03  0.90327693E-10
  0.11849553E+03  0.87710177E-10
  0.12390315E+03  0.85071060E-10
  0.12955756E+03  0.82411404E-10
  0.13547000E+03  0.79732771E-10
  0.14165227E+03  0.77039327E-10
  0.14811666E+03  0.74336658E-10
  0.15487607E+03  0.71631622E-10
  0.16194394E+03  0.68927644E-10
  0.16933436E+03  0.66221155E-10
  0.17706205E+03  0.63528544E-10
  0.18514240E+03  0.60859167E-10
  0.19359150E+03  0.58198841E-10
  0.20242617E+03  0.55567524E-10
  0.21166403E+03  0.52974589E-10
  0.22132346E+03  0.50417626E-10
  0.23142371E+03  0.47905581E-10
  0.24198488E+03  0.45444108E-10
  0.25302803E+03  0.43030773E-10
  0.26457513E+03  0.40685118E-10
  0.27664920E+03  0.38398824E-10
  0.28927427E+03  0.36178270E-10
  0.30247550E+03  0.34029349E-10
  0.31627917E+03  0.31951842E-10
  0.33071278E+03  0.29950017E-10
  0.34580508E+03  0.28030017E-10
  0.36158613E+03  0.26180536E-10
  0.37808736E+03  0.24418466E-10
  0.39534163E+03  0.22737938E-10
  0.41338331E+03  0.21132364E-10
  0.43224834E+03  0.19609416E-10
  0.45197428E+03  0.18168592E-10
  0.47260044E+03  0.16804560E-10
  0.49416788E+03  0.15514254E-10
  0.51671956E+03  0.14304049E-10
  0.54030041E+03  0.13166041E-10
  0.56495738E+03  0.12097440E-10
  0.59073959E+03  0.11099330E-10
  0.61769839E+03  0.10167583E-10
  0.64588748E+03  0.92988646E-11
  0.67536299E+03  0.84915345E-11
  0.70618363E+03  0.77416957E-11
  0.73841080E+03  0.70482737E-11
  0.77210867E+03  0.64064857E-11
  0.80734438E+03  0.58145759E-11
  0.84418808E+03  0.52693594E-11
  0.88271317E+03  0.47682293E-11
  0.92299639E+03  0.43083792E-11
  0.96511795E+03  0.38871547E-11
  0.10091618E+04  0.35020247E-11
  0.10552155E+04  0.31513104E-11
  0.11033710E+04  0.28313081E-11
  0.11537241E+04  0.25395438E-11
  0.12063751E+04  0.22745321E-11
  0.12614288E+04  0.20344563E-11
  0.13189950E+04  0.18177101E-11
  0.13791882E+04  0.16222156E-11
  0.14421284E+04  0.14453980E-11
  0.15079409E+04  0.12861471E-11
  0.15767568E+04  0.11431396E-11
  0.16487131E+04  0.10145287E-11
  0.17239533E+04  0.89930971E-12
  0.18026270E+04  0.79631971E-12
  0.18848911E+04  0.70409185E-12
  0.19709094E+04  0.62184078E-12
  0.20608532E+04  0.54856029E-12
  0.21549016E+04  0.48325549E-12
  0.22532420E+04  0.42528971E-12
  0.23560703E+04  0.37378045E-12
  0.24635911E+04  0.32812682E-12
  0.25760188E+04  0.28772534E-12
  0.26935771E+04  0.25197477E-12
  0.28165003E+04  0.22044092E-12
  0.29450332E+04  0.19260279E-12
  0.30794318E+04  0.16810867E-12
  0.32199637E+04  0.14654584E-12
  0.33669090E+04  0.12761351E-12
  0.35205601E+04  0.11098825E-12
  0.36812233E+04  0.96426912E-13
  0.38492184E+04  0.83683915E-13
  0.40248800E+04  0.72552266E-13
  0.42085582E+04  0.62818358E-13
  0.44006186E+04  0.54333102E-13
  0.46014438E+04  0.46949163E-13
  0.48114338E+04  0.40531969E-13
  0.50310068E+04  0.34949526E-13
  0.52606002E+04  0.30097033E-13
  0.55006712E+04  0.25890445E-13
  0.57516981E+04  0.22255572E-13
  0.60141807E+04  0.19111214E-13
  0.62886419E+04  0.16388105E-13
  0.65756283E+04  0.14039144E-13
  0.68757115E+04  0.12014873E-13
  0.71894893E+04  0.10270015E-13
  0.75175865E+04  0.87686862E-14
  0.78606566E+04  0.74793479E-14
  0.82193830E+04  0.63721581E-14
  0.85944801E+04  0.54219871E-14
  0.89866950E+04  0.46097031E-14
  0.93968089E+04  0.39131196E-14
  0.98256386E+04  0.33172590E-14
  0.10274038E+05  0.28102365E-14
  0.10742901E+05  0.23785055E-14
  0.11233160E+05  0.20097077E-14
  0.11745793E+05  0.16958983E-14
  0.12281820E+05  0.14300406E-14
  0.12842310E+05  0.12042992E-14
  0.13428377E+05  0.10129166E-14
  0.14041190E+05  0.85054929E-15
  0.14681969E+05  0.71368345E-15
  0.15351991E+05  0.59843082E-15
  0.16052589E+05  0.50109742E-15
  0.16785160E+05  0.41945902E-15
  0.17551162E+05  0.35041134E-15
  0.18352121E+05  0.29267372E-15
  0.19189633E+05  0.24415149E-15
  0.20065365E+05  0.20326620E-15
  0.20981061E+05  0.16920090E-15
  0.21938546E+05  0.14081075E-15
  0.22939727E+05  0.11700350E-15
  0.23986596E+05  0.97053446E-16
  0.25081241E+05  0.80440719E-16
  0.26225840E+05  0.66608642E-16
  0.27422674E+05  0.55142740E-16
  0.28674126E+05  0.45597351E-16
  0.29982690E+05  0.37683377E-16
  0.31350970E+05  0.31073591E-16
  0.32781693E+05  0.25592399E-16
  0.34277707E+05  0.21084102E-16
  0.35841994E+05  0.17370961E-16
  0.37477667E+05  0.14249662E-16
  0.39187986E+05  0.11705150E-16
  0.40976356E+05  0.96003133E-17
  0.42846340E+05  0.78975748E-17
  0.44801661E+05  0.64554582E-17
  0.46846215E+05  0.52776896E-17
  0.48984074E+05  0.43055267E-17
  0.51219495E+05  0.35170196E-17
  0.53556932E+05  0.28823810E-17
  0.56001038E+05  0.23410787E-17
  0.58556683E+05  0.19099076E-17
  0.61228957E+05  0.15456292E-17
  0.64023182E+05  0.12650415E-17
  0.66944923E+05  0.10197783E-17
  0.70000000E+05  0.83035491E-18
  Principal QN n  Azimuthal QN l
               4               2
 Electron Energy Probability dst
  0.10000000E+01  0.29021107E-08
  0.10456357E+01  0.29114597E-08
  0.10933540E+01  0.29215626E-08
  0.11432499E+01  0.29324895E-08
  0.11954229E+01  0.29443177E-08
  0.12499768E+01  0.29571322E-08
  0.13070204E+01  0.29710264E-08
  0.13666671E+01  0.29861031E-08
  0.14290359E+01  0.30024760E-08
  0.14942509E+01  0.30202708E-08
  0.15624421E+01  0.30396268E-08
  0.16337452E+01  0.30606982E-08
  0.17083022E+01  0.30836557E-08
  0.17862617E+01  0.31086887E-08
  0.18677790E+01  0.31360073E-08
  0.19530164E+01  0.31658445E-08
  0.20421436E+01  0.31984594E-08
  0.21353382E+01  0.32341401E-08
  0.22327858E+01  0.32732102E-08
  0.23346805E+01  0.33160329E-08
  0.24412252E+01  0.33630153E-08
  0.25526322E+01  0.34146140E-08
  0.26691232E+01  0.34713399E-08
  0.27909305E+01  0.35337653E-08
  0.29182965E+01  0.36025317E-08
  0.30514749E+01  0.36783581E-08
  0.31907310E+01  0.37620517E-08
  0.33363422E+01  0.38545210E-08
  0.34885984E+01  0.39567989E-08
  0.36478030E+01  0.40700553E-08
  0.38142729E+01  0.41956252E-08
  0.39883398E+01  0.43350220E-08
  0.41703504E+01  0.44899575E-08
  0.43606672E+01  0.46623694E-08
  0.45596692E+01  0.48544516E-08
  0.47677528E+01  0.50687013E-08
  0.49853324E+01  0.53080060E-08
  0.52128414E+01  0.55756753E-08
  0.54507329E+01  0.58755202E-08
  0.56994808E+01  0.62118999E-08
  0.59595804E+01  0.65897903E-08
  0.62315499E+01  0.70149083E-08
  0.65159309E+01  0.74938662E-08
  0.68132898E+01  0.80343049E-08
  0.71242189E+01  0.86449915E-08
  0.74493374E+01  0.93360050E-08
  0.77892930E+01  0.10118944E-07
  0.81447626E+01  0.11007083E-07
  0.85164544E+01  0.12015619E-07
  0.89051085E+01  0.13161582E-07
  0.93114992E+01  0.14463756E-07
  0.97364357E+01  0.15942609E-07
  0.10180765E+02  0.17621073E-07
  0.10645371E+02  0.19523070E-07
  0.11131179E+02  0.21667932E-07
  0.11639158E+02  0.24070742E-07
  0.12170319E+02  0.26733049E-07
  0.12725720E+02  0.29648542E-07
  0.13306467E+02  0.32782616E-07
  0.13913716E+02  0.36053199E-07
  0.14548678E+02  0.39336729E-07
  0.15212617E+02  0.42455345E-07
  0.15906855E+02  0.45196673E-07
  0.16632775E+02  0.47340109E-07
  0.17391823E+02  0.48658738E-07
  0.18185510E+02  0.48984118E-07
  0.19015418E+02  0.48221493E-07
  0.19883200E+02  0.46443652E-07
  0.20790583E+02  0.43804197E-07
  0.21739375E+02  0.40542512E-07
  0.22731466E+02  0.36894658E-07
  0.23768832E+02  0.33105119E-07
  0.24853539E+02  0.29388460E-07
  0.25987747E+02  0.25879497E-07
  0.27173715E+02  0.22629951E-07
  0.28413806E+02  0.19668096E-07
  0.29710489E+02  0.17009416E-07
  0.31066348E+02  0.14649997E-07
  0.32484081E+02  0.12567535E-07
  0.33966514E+02  0.10739977E-07
  0.35516599E+02  0.91451331E-08
  0.37137423E+02  0.77553715E-08
  0.38832214E+02  0.65504652E-08
  0.40604349E+02  0.55085133E-08
  0.42457356E+02  0.46085995E-08
  0.44394926E+02  0.38363598E-08
  0.46420918E+02  0.31744379E-08
  0.48539368E+02  0.26107259E-08
  0.50754495E+02  0.21326522E-08
  0.53070711E+02  0.17294014E-08
  0.55492628E+02  0.13921836E-08
  0.58025072E+02  0.11118093E-08
  0.60673085E+02  0.88118652E-09
  0.63441942E+02  0.69346969E-09
  0.66337158E+02  0.54268643E-09
  0.69364499E+02  0.42341098E-09
  0.72529995E+02  0.33096602E-09
  0.75839950E+02  0.26096465E-09
  0.79300958E+02  0.20977668E-09
  0.82919910E+02  0.17390239E-09
  0.86704016E+02  0.15048100E-09
  0.90660813E+02  0.13694711E-09
  0.94798180E+02  0.13102471E-09
  0.99124359E+02  0.13085174E-09
  0.10364797E+03  0.13477402E-09
  0.10837801E+03  0.14145232E-09
  0.11332391E+03  0.14973737E-09
  0.11849553E+03  0.15872212E-09
  0.12390315E+03  0.16768523E-09
  0.12955756E+03  0.17607728E-09
  0.13547000E+03  0.18347302E-09
  0.14165227E+03  0.18959920E-09
  0.14811666E+03  0.19427309E-09
  0.15487607E+03  0.19738622E-09
  0.16194394E+03  0.19894225E-09
  0.16933436E+03  0.19896717E-09
  0.17706205E+03  0.19752482E-09
  0.18514240E+03  0.19476081E-09
  0.19359150E+03  0.19079591E-09
  0.20242617E+03  0.18576166E-09
  0.21166403E+03  0.17983365E-09
  0.22132346E+03  0.17315926E-09
  0.23142371E+03  0.16588200E-09
  0.24198488E+03  0.15814713E-09
  0.25302803E+03  0.15009927E-09
  0.26457513E+03  0.14184637E-09
  0.27664920E+03  0.13348941E-09
  0.28927427E+03  0.12515286E-09
  0.30247550E+03  0.11689544E-09
  0.31627917E+03  0.10878529E-09
  0.33071278E+03  0.10090330E-09
  0.34580508E+03  0.93286592E-10
  0.36158613E+03  0.85955314E-10
  0.37808736E+03  0.78970922E-10
  0.39534163E+03  0.72340509E-10
  0.41338331E+03  0.66073380E-10
  0.43224834E+03  0.60170436E-10
  0.45197428E+03  0.54659072E-10
  0.47260044E+03  0.49531875E-10
  0.49416788E+03  0.44763699E-10
  0.51671956E+03  0.40341472E-10
  0.54030041E+03  0.36263768E-10
  0.56495738E+03  0.32520268E-10
  0.59073959E+03  0.29088618E-10
  0.61769839E+03  0.25955224E-10
  0.64588748E+03  0.23114703E-10
  0.67536299E+03  0.20551780E-10
  0.70618363E+03  0.18237877E-10
  0.73841080E+03  0.16139287E-10
  0.77210867E+03  0.14247332E-10
  0.80734438E+03  0.12554015E-10
  0.84418808E+03  0.11042801E-10
  0.88271317E+03  0.96896832E-11
  0.92299639E+03  0.84831374E-11
  0.96511795E+03  0.74153969E-11
  0.10091618E+04  0.64721918E-11
  0.10552155E+04  0.56347658E-11
  0.11033710E+04  0.48950407E-11
  0.11537241E+04  0.42461413E-11
  0.12063751E+04  0.36765039E-11
  0.12614288E+04  0.31756067E-11
  0.13189950E+04  0.27386613E-11
  0.13791882E+04  0.23584709E-11
  0.14421284E+04  0.20262561E-11
  0.15079409E+04  0.17378239E-11
  0.15767568E+04  0.14884626E-11
  0.16487131E+04  0.12720441E-11
  0.17239533E+04  0.10852789E-11
  0.18026270E+04  0.92472102E-12
  0.18848911E+04  0.78621459E-12
  0.19709094E+04  0.66749154E-12
  0.20608532E+04  0.56585447E-12
  0.21549016E+04  0.47872680E-12
  0.22532420E+04  0.40452761E-12
  0.23560703E+04  0.34120660E-12
  0.24635911E+04  0.28737480E-12
  0.25760188E+04  0.24171153E-12
  0.26935771E+04  0.20294757E-12
  0.28165003E+04  0.17020971E-12
  0.29450332E+04  0.14250304E-12
  0.30794318E+04  0.11917748E-12
  0.32199637E+04  0.99513351E-13
  0.33669090E+04  0.83000159E-13
  0.35205601E+04  0.69118619E-13
  0.36812233E+04  0.57487463E-13
  0.38492184E+04  0.47744454E-13
  0.40248800E+04  0.39613160E-13
  0.42085582E+04  0.32826819E-13
  0.44006186E+04  0.27171642E-13
  0.46014438E+04  0.22444566E-13
  0.48114338E+04  0.18517406E-13
  0.50310068E+04  0.15265827E-13
  0.52606002E+04  0.12568539E-13
  0.55006712E+04  0.10332140E-13
  0.57516981E+04  0.84843672E-14
  0.60141807E+04  0.69588562E-14
  0.62886419E+04  0.56981743E-14
  0.65756283E+04  0.46595701E-14
  0.68757115E+04  0.38084183E-14
  0.71894893E+04  0.31102841E-14
  0.75175865E+04  0.25329169E-14
  0.78606566E+04  0.20598624E-14
  0.82193830E+04  0.16732791E-14
  0.85944801E+04  0.13560668E-14
  0.89866950E+04  0.10986500E-14
  0.93968089E+04  0.89030055E-15
  0.98256386E+04  0.72006550E-15
  0.10274038E+05  0.58059575E-15
  0.10742901E+05  0.46754373E-15
  0.11233160E+05  0.37612909E-15
  0.11745793E+05  0.30222073E-15
  0.12281820E+05  0.24253556E-15
  0.12842310E+05  0.19491811E-15
  0.13428377E+05  0.15601815E-15
  0.14041190E+05  0.12456869E-15
  0.14681969E+05  0.99550645E-16
  0.15351991E+05  0.79495114E-16
  0.16052589E+05  0.63196981E-16
  0.16785160E+05  0.50562162E-16
  0.17551162E+05  0.40241709E-16
  0.18352121E+05  0.32026444E-16
  0.19189633E+05  0.25446377E-16
  0.20065365E+05  0.20212674E-16
  0.20981061E+05  0.15950738E-16
  0.21938546E+05  0.12739040E-16
  0.22939727E+05  0.10088623E-16
  0.23986596E+05  0.79692087E-17
  0.25081241E+05  0.62776174E-17
  0.26225840E+05  0.49590595E-17
  0.27422674E+05  0.39095262E-17
  0.28674126E+05  0.30813809E-17
  0.29982690E+05  0.24362251E-17
  0.31350970E+05  0.19069896E-17
  0.32781693E+05  0.14989456E-17
  0.34277707E+05  0.11730801E-17
  0.35841994E+05  0.92680867E-18
  0.37477667E+05  0.71801032E-18
  0.39187986E+05  0.56610191E-18
  0.40976356E+05  0.44749878E-18
  0.42846340E+05  0.34984729E-18
  0.44801661E+05  0.27222714E-18
  0.46846215E+05  0.20896390E-18
  0.48984074E+05  0.16440935E-18
  0.51219495E+05  0.12758863E-18
  0.53556932E+05  0.10188964E-18
  0.56001038E+05  0.77620366E-19
  0.58556683E+05  0.60325484E-19
  0.61228957E+05  0.46453170E-19
  0.64023182E+05  0.36281924E-19
  0.66944923E+05  0.27916062E-19
  0.70000000E+05  0.21574745E-19
  Principal QN n  Azimuthal QN l
               5               0
 Electron Energy Probability dst
  0.10000000E+01  0.67743273E-09
  0.10456357E+01  0.66430757E-09
  0.10933540E+01  0.65084450E-09
  0.11432499E+01  0.63704803E-09
  0.11954229E+01  0.62292409E-09
  0.12499768E+01  0.60848013E-09
  0.13070204E+01  0.59372521E-09
  0.13666671E+01  0.57867002E-09
  0.14290359E+01  0.56332685E-09
  0.14942509E+01  0.54770960E-09
  0.15624421E+01  0.53183388E-09
  0.16337452E+01  0.51571696E-09
  0.17083022E+01  0.49937769E-09
  0.17862617E+01  0.48283642E-09
  0.18677790E+01  0.46611473E-09
  0.19530164E+01  0.44923573E-09
  0.20421436E+01  0.43222754E-09
  0.21353382E+01  0.41512200E-09
  0.22327858E+01  0.39795280E-09
  0.23346805E+01  0.38075510E-09
  0.24412252E+01  0.36356509E-09
  0.25526322E+01  0.34641937E-09
  0.26691232E+01  0.32935577E-09
  0.27909305E+01  0.31241846E-09
  0.29182965E+01  0.29565360E-09
  0.30514749E+01  0.27910696E-09
  0.31907310E+01  0.26282270E-09
  0.33363422E+01  0.24684196E-09
  0.34885984E+01  0.23120602E-09
  0.36478030E+01  0.21596768E-09
  0.38142729E+01  0.20118019E-09
  0.39883398E+01  0.18689273E-09
  0.41703504E+01  0.17314810E-09
  0.43606672E+01  0.15998333E-09
  0.45596692E+01  0.14744572E-09
  0.47677528E+01  0.13558252E-09
  0.49853324E+01  0.12443118E-09
  0.52128414E+01  0.11401578E-09
  0.54507329E+01  0.10435618E-09
  0.56994808E+01  0.95488333E-10
  0.59595804E+01  0.87439370E-10
  0.62315499E+01  0.80219503E-10
  0.65159309E+01  0.73835452E-10
  0.68132898E+01  0.68296540E-10
  0.71242189E+01  0.63595567E-10
  0.74493374E+01  0.59727411E-10
  0.77892930E+01  0.56675430E-10
  0.81447626E+01  0.54413946E-10
  0.85164544E+01  0.52923875E-10
  0.89051085E+01  0.52165005E-10
  0.93114992E+01  0.52098292E-10
  0.97364357E+01  0.52691770E-10
  0.10180765E+02  0.53889200E-10
  0.10645371E+02  0.55623841E-10
  0.11131179E+02  0.57850936E-10
  0.11639158E+02  0.60509524E-10
  0.12170319E+02  0.63525592E-10
  0.12725720E+02  0.66843847E-10
  0.13306467E+02  0.70396301E-10
  0.13913716E+02  0.74108332E-10
  0.14548678E+02  0.77922428E-10
  0.15212617E+02  0.81770021E-10
  0.15906855E+02  0.85587775E-10
  0.16632775E+02  0.89322408E-10
  0.17391823E+02  0.92914650E-10
  0.18185510E+02  0.96316735E-10
  0.19015418E+02  0.99481200E-10
  0.19883200E+02  0.10236623E-09
  0.20790583E+02  0.10493821E-09
  0.21739375E+02  0.10716652E-09
  0.22731466E+02  0.10902854E-09
  0.23768832E+02  0.11050618E-09
  0.24853539E+02  0.11158705E-09
  0.25987747E+02  0.11226520E-09
  0.27173715E+02  0.11254052E-09
  0.28413806E+02  0.11241660E-09
  0.29710489E+02  0.11190021E-09
  0.31066348E+02  0.11100672E-09
  0.32484081E+02  0.10975241E-09
  0.33966514E+02  0.10815720E-09
  0.35516599E+02  0.10624454E-09
  0.37137423E+02  0.10404071E-09
  0.38832214E+02  0.10157376E-09
  0.40604349E+02  0.98873376E-10
  0.42457356E+02  0.95969771E-10
  0.44394926E+02  0.92887082E-10
  0.46420918E+02  0.89657402E-10
  0.48539368E+02  0.86315021E-10
  0.50754495E+02  0.82874436E-10
  0.53070711E+02  0.79370050E-10
  0.55492628E+02  0.75837921E-10
  0.58025072E+02  0.72274154E-10
  0.60673085E+02  0.68731696E-10
  0.63441942E+02  0.65212411E-10
  0.66337158E+02  0.61746810E-10
  0.69364499E+02  0.58324878E-10
  0.72529995E+02  0.54982024E-10
  0.75839950E+02  0.51729993E-10
  0.79300958E+02  0.48564587E-10
  0.82919910E+02  0.45509445E-10
  0.86704016E+02  0.42572542E-10
  0.90660813E+02  0.39749295E-10
  0.94798180E+02  0.37043959E-10
  0.99124359E+02  0.34471699E-10
  0.10364797E+03  0.32009695E-10
  0.10837801E+03  0.29691210E-10
  0.11332391E+03  0.27499104E-10
  0.11849553E+03  0.25410740E-10
  0.12390315E+03  0.23467371E-10
  0.12955756E+03  0.21635768E-10
  0.13547000E+03  0.19907673E-10
  0.14165227E+03  0.18313027E-10
  0.14811666E+03  0.16807528E-10
  0.15487607E+03  0.15413962E-10
  0.16194394E+03  0.14121689E-10
  0.16933436E+03  0.12914630E-10
  0.17706205E+03  0.11805165E-10
  0.18514240E+03  0.10781189E-10
  0.19359150E+03  0.98390724E-11
  0.20242617E+03  0.89696782E-11
  0.21166403E+03  0.81627324E-11
  0.22132346E+03  0.74171332E-11
  0.23142371E+03  0.67326296E-11
  0.24198488E+03  0.61069248E-11
  0.25302803E+03  0.55351421E-11
  0.26457513E+03  0.50096257E-11
  0.27664920E+03  0.45266074E-11
  0.28927427E+03  0.40865867E-11
  0.30247550E+03  0.36890717E-11
  0.31627917E+03  0.33320979E-11
  0.33071278E+03  0.30118501E-11
  0.34580508E+03  0.27222140E-11
  0.36158613E+03  0.24556654E-11
  0.37808736E+03  0.22103707E-11
  0.39534163E+03  0.19865839E-11
  0.41338331E+03  0.17839589E-11
  0.43224834E+03  0.16013822E-11
  0.45197428E+03  0.14367783E-11
  0.47260044E+03  0.12875445E-11
  0.49416788E+03  0.11529622E-11
  0.51671956E+03  0.10325754E-11
  0.54030041E+03  0.92535385E-12
  0.56495738E+03  0.82955160E-12
  0.59073959E+03  0.74278476E-12
  0.61769839E+03  0.66406654E-12
  0.64588748E+03  0.59323616E-12
  0.67536299E+03  0.52985401E-12
  0.70618363E+03  0.47311775E-12
  0.73841080E+03  0.42207212E-12
  0.77210867E+03  0.37639210E-12
  0.80734438E+03  0.33574291E-12
  0.84418808E+03  0.29953445E-12
  0.88271317E+03  0.26696500E-12
  0.92299639E+03  0.23769356E-12
  0.96511795E+03  0.21156274E-12
  0.10091618E+04  0.18827307E-12
  0.10552155E+04  0.16742296E-12
  0.11033710E+04  0.14882488E-12
  0.11537241E+04  0.13230397E-12
  0.12063751E+04  0.11757208E-12
  0.12614288E+04  0.10437665E-12
  0.13189950E+04  0.92623395E-13
  0.13791882E+04  0.82169705E-13
  0.14421284E+04  0.72837414E-13
  0.15079409E+04  0.64539559E-13
  0.15767568E+04  0.57173694E-13
  0.16487131E+04  0.50605377E-13
  0.17239533E+04  0.44768364E-13
  0.18026270E+04  0.39594400E-13
  0.18848911E+04  0.34997375E-13
  0.19709094E+04  0.30926456E-13
  0.20608532E+04  0.27317011E-13
  0.21549016E+04  0.24108722E-13
  0.22532420E+04  0.21268808E-13
  0.23560703E+04  0.18752833E-13
  0.24635911E+04  0.16529295E-13
  0.25760188E+04  0.14565679E-13
  0.26935771E+04  0.12829386E-13
  0.28165003E+04  0.11296155E-13
  0.29450332E+04  0.99383192E-14
  0.30794318E+04  0.87411113E-14
  0.32199637E+04  0.76875589E-14
  0.33669090E+04  0.67611234E-14
  0.35205601E+04  0.59422331E-14
  0.36812233E+04  0.52192083E-14
  0.38492184E+04  0.45823179E-14
  0.40248800E+04  0.40222279E-14
  0.42085582E+04  0.35286295E-14
  0.44006186E+04  0.30946152E-14
  0.46014438E+04  0.27133726E-14
  0.48114338E+04  0.23782721E-14
  0.50310068E+04  0.20833696E-14
  0.52606002E+04  0.18250640E-14
  0.55006712E+04  0.15986280E-14
  0.57516981E+04  0.13987670E-14
  0.60141807E+04  0.12232317E-14
  0.62886419E+04  0.10697277E-14
  0.65756283E+04  0.93509461E-15
  0.68757115E+04  0.81688996E-15
  0.71894893E+04  0.71333735E-15
  0.75175865E+04  0.62299847E-15
  0.78606566E+04  0.54362250E-15
  0.82193830E+04  0.47394796E-15
  0.85944801E+04  0.41322074E-15
  0.89866950E+04  0.36009886E-15
  0.93968089E+04  0.31351834E-15
  0.98256386E+04  0.27275079E-15
  0.10274038E+05  0.23721341E-15
  0.10742901E+05  0.20619615E-15
  0.11233160E+05  0.17899070E-15
  0.11745793E+05  0.15537076E-15
  0.12281820E+05  0.13492699E-15
  0.12842310E+05  0.11701124E-15
  0.13428377E+05  0.10128739E-15
  0.14041190E+05  0.87663129E-16
  0.14681969E+05  0.75930960E-16
  0.15351991E+05  0.65583766E-16
  0.16052589E+05  0.56636412E-16
  0.16785160E+05  0.48882369E-16
  0.17551162E+05  0.42171580E-16
  0.18352121E+05  0.36402205E-16
  0.19189633E+05  0.31303863E-16
  0.20065365E+05  0.26955354E-16
  0.20981061E+05  0.23183639E-16
  0.21938546E+05  0.19933950E-16
  0.22939727E+05  0.17121350E-16
  0.23986596E+05  0.14685452E-16
  0.25081241E+05  0.12604302E-16
  0.26225840E+05  0.10823367E-16
  0.27422674E+05  0.92650835E-17
  0.28674126E+05  0.79255641E-17
  0.29982690E+05  0.67712083E-17
  0.31350970E+05  0.58032398E-17
  0.32781693E+05  0.49495617E-17
  0.34277707E+05  0.42270334E-17
  0.35841994E+05  0.36003699E-17
  0.37477667E+05  0.30648327E-17
  0.39187986E+05  0.26191077E-17
  0.40976356E+05  0.22154704E-17
  0.42846340E+05  0.18957811E-17
  0.44801661E+05  0.15977199E-17
  0.46846215E+05  0.13658507E-17
  0.48984074E+05  0.11501589E-17
  0.51219495E+05  0.97994445E-18
  0.53556932E+05  0.82568364E-18
  0.56001038E+05  0.69940586E-18
  0.58556683E+05  0.59087435E-18
  0.61228957E+05  0.49837869E-18
  0.64023182E+05  0.42110206E-18
  0.66944923E+05  0.35348337E-18
  0.70000000E+05  0.29901192E-18
  Principal QN n  Azimuthal QN l
               5               1
 Electron Energy Probability dst
  0.10000000E+01  0.47661038E-06
  0.10456357E+01  0.46917863E-06
  0.10933540E+01  0.46152433E-06
  0.11432499E+01  0.45364778E-06
  0.11954229E+01  0.44555017E-06
  0.12499768E+01  0.43723360E-06
  0.13070204E+01  0.42870074E-06
  0.13666671E+01  0.41995491E-06
  0.14290359E+01  0.41100053E-06
  0.14942509E+01  0.40184320E-06
  0.15624421E+01  0.39248947E-06
  0.16337452E+01  0.38294652E-06
  0.17083022E+01  0.37322278E-06
  0.17862617E+01  0.36332805E-06
  0.18677790E+01  0.35327341E-06
  0.19530164E+01  0.34307141E-06
  0.20421436E+01  0.33273632E-06
  0.21353382E+01  0.32228333E-06
  0.22327858E+01  0.31172819E-06
  0.23346805E+01  0.30108761E-06
  0.24412252E+01  0.29037979E-06
  0.25526322E+01  0.27962493E-06
  0.26691232E+01  0.26884513E-06
  0.27909305E+01  0.25806380E-06
  0.29182965E+01  0.24730493E-06
  0.30514749E+01  0.23659239E-06
  0.31907310E+01  0.22594854E-06
  0.33363422E+01  0.21539340E-06
  0.34885984E+01  0.20494719E-06
  0.36478030E+01  0.19463382E-06
  0.38142729E+01  0.18447836E-06
  0.39883398E+01  0.17450527E-06
  0.41703504E+01  0.16473862E-06
  0.43606672E+01  0.15520075E-06
  0.45596692E+01  0.14590943E-06
  0.47677528E+01  0.13688081E-06
  0.49853324E+01  0.12813216E-06
  0.52128414E+01  0.11967784E-06
  0.54507329E+01  0.11153026E-06
  0.56994808E+01  0.10370239E-06
  0.59595804E+01  0.96202967E-07
  0.62315499E+01  0.89038969E-07
  0.65159309E+01  0.82217000E-07
  0.68132898E+01  0.75740013E-07
  0.71242189E+01  0.69609727E-07
  0.74493374E+01  0.63824983E-07
  0.77892930E+01  0.58382073E-07
  0.81447626E+01  0.53276630E-07
  0.85164544E+01  0.48501253E-07
  0.89051085E+01  0.44049123E-07
  0.93114992E+01  0.39910056E-07
  0.97364357E+01  0.36073908E-07
  0.10180765E+02  0.32529575E-07
  0.10645371E+02  0.29263943E-07
  0.11131179E+02  0.26264735E-07
  0.11639158E+02  0.23517462E-07
  0.12170319E+02  0.21009413E-07
  0.12725720E+02  0.18725858E-07
  0.13306467E+02  0.16653319E-07
  0.13913716E+02  0.14777007E-07
  0.14548678E+02  0.13083433E-07
  0.15212617E+02  0.11559024E-07
  0.15906855E+02  0.10190440E-07
  0.16632775E+02  0.89654483E-08
  0.17391823E+02  0.78714872E-08
  0.18185510E+02  0.68974996E-08
  0.19015418E+02  0.60323962E-08
  0.19883200E+02  0.52659675E-08
  0.20790583E+02  0.45887889E-08
  0.21739375E+02  0.39917574E-08
  0.22731466E+02  0.34668134E-08
  0.23768832E+02  0.30064335E-08
  0.24853539E+02  0.26035103E-08
  0.25987747E+02  0.22516518E-08
  0.27173715E+02  0.19451700E-08
  0.28413806E+02  0.16787090E-08
  0.29710489E+02  0.14475601E-08
  0.31066348E+02  0.12474535E-08
  0.32484081E+02  0.10745400E-08
  0.33966514E+02  0.92541932E-09
  0.35516599E+02  0.79703149E-09
  0.37137423E+02  0.68668522E-09
  0.38832214E+02  0.59197735E-09
  0.40604349E+02  0.51080564E-09
  0.42457356E+02  0.44132430E-09
  0.44394926E+02  0.38190308E-09
  0.46420918E+02  0.33113343E-09
  0.48539368E+02  0.28778645E-09
  0.50754495E+02  0.25076998E-09
  0.53070711E+02  0.21918388E-09
  0.55492628E+02  0.19217899E-09
  0.58025072E+02  0.16911845E-09
  0.60673085E+02  0.14938089E-09
  0.63441942E+02  0.13243054E-09
  0.66337158E+02  0.11792658E-09
  0.69364499E+02  0.10538063E-09
  0.72529995E+02  0.94580382E-10
  0.75839950E+02  0.85181833E-10
  0.79300958E+02  0.76992928E-10
  0.82919910E+02  0.69856320E-10
  0.86704016E+02  0.63597176E-10
  0.90660813E+02  0.58046044E-10
  0.94798180E+02  0.53049566E-10
  0.99124359E+02  0.48560162E-10
  0.10364797E+03  0.44565812E-10
  0.10837801E+03  0.41039252E-10
  0.11332391E+03  0.37930821E-10
  0.11849553E+03  0.35163097E-10
  0.12390315E+03  0.32625137E-10
  0.12955756E+03  0.30218139E-10
  0.13547000E+03  0.27934490E-10
  0.14165227E+03  0.25782180E-10
  0.14811666E+03  0.23767005E-10
  0.15487607E+03  0.21891829E-10
  0.16194394E+03  0.20155696E-10
  0.16933436E+03  0.18552765E-10
  0.17706205E+03  0.17071043E-10
  0.18514240E+03  0.15692582E-10
  0.19359150E+03  0.14411249E-10
  0.20242617E+03  0.13229891E-10
  0.21166403E+03  0.12149207E-10
  0.22132346E+03  0.11166897E-10
  0.23142371E+03  0.10276857E-10
  0.24198488E+03  0.94682223E-11
  0.25302803E+03  0.87242331E-11
  0.26457513E+03  0.80227525E-11
  0.27664920E+03  0.73554342E-11
  0.28927427E+03  0.67247995E-11
  0.30247550E+03  0.61330645E-11
  0.31627917E+03  0.55817770E-11
  0.33071278E+03  0.50715964E-11
  0.34580508E+03  0.46020297E-11
  0.36158613E+03  0.41715654E-11
  0.37808736E+03  0.37797489E-11
  0.39534163E+03  0.34258252E-11
  0.41338331E+03  0.31076308E-11
  0.43224834E+03  0.28212365E-11
  0.45197428E+03  0.25605247E-11
  0.47260044E+03  0.23184962E-11
  0.49416788E+03  0.20939546E-11
  0.51671956E+03  0.18872946E-11
  0.54030041E+03  0.16984517E-11
  0.56495738E+03  0.15267743E-11
  0.59073959E+03  0.13710126E-11
  0.61769839E+03  0.12304281E-11
  0.64588748E+03  0.11043836E-11
  0.67536299E+03  0.99160805E-12
  0.70618363E+03  0.89003442E-12
  0.73841080E+03  0.79737245E-12
  0.77210867E+03  0.71315180E-12
  0.80734438E+03  0.63714076E-12
  0.84418808E+03  0.56878168E-12
  0.88271317E+03  0.50721902E-12
  0.92299639E+03  0.45198232E-12
  0.96511795E+03  0.40267071E-12
  0.10091618E+04  0.35858170E-12
  0.10552155E+04  0.31881978E-12
  0.11033710E+04  0.28306512E-12
  0.11537241E+04  0.25110790E-12
  0.12063751E+04  0.22256224E-12
  0.12614288E+04  0.19705486E-12
  0.13189950E+04  0.17437774E-12
  0.13791882E+04  0.15420550E-12
  0.14421284E+04  0.13614932E-12
  0.15079409E+04  0.12006147E-12
  0.15767568E+04  0.10578954E-12
  0.16487131E+04  0.93118912E-13
  0.17239533E+04  0.81911536E-13
  0.18026270E+04  0.72000712E-13
  0.18848911E+04  0.63189658E-13
  0.19709094E+04  0.55393771E-13
  0.20608532E+04  0.48516913E-13
  0.21549016E+04  0.42456157E-13
  0.22532420E+04  0.37129375E-13
  0.23560703E+04  0.32426636E-13
  0.24635911E+04  0.28285760E-13
  0.25760188E+04  0.24656199E-13
  0.26935771E+04  0.21480143E-13
  0.28165003E+04  0.18701799E-13
  0.29450332E+04  0.16257822E-13
  0.30794318E+04  0.14116476E-13
  0.32199637E+04  0.12243995E-13
  0.33669090E+04  0.10613044E-13
  0.35205601E+04  0.91922988E-14
  0.36812233E+04  0.79555681E-14
  0.38492184E+04  0.68757149E-14
  0.40248800E+04  0.59355445E-14
  0.42085582E+04  0.51198637E-14
  0.44006186E+04  0.44135088E-14
  0.46014438E+04  0.38002758E-14
  0.48114338E+04  0.32691372E-14
  0.50310068E+04  0.28097264E-14
  0.52606002E+04  0.24130381E-14
  0.55006712E+04  0.20705701E-14
  0.57516981E+04  0.17743808E-14
  0.60141807E+04  0.15189268E-14
  0.62886419E+04  0.12993046E-14
  0.65756283E+04  0.11108589E-14
  0.68757115E+04  0.94865031E-15
  0.71894893E+04  0.80895768E-15
  0.75175865E+04  0.68954417E-15
  0.78606566E+04  0.58705667E-15
  0.82193830E+04  0.49904840E-15
  0.85944801E+04  0.42386975E-15
  0.89866950E+04  0.35975944E-15
  0.93968089E+04  0.30512163E-15
  0.98256386E+04  0.25816210E-15
  0.10274038E+05  0.21814702E-15
  0.10742901E+05  0.18453380E-15
  0.11233160E+05  0.15567846E-15
  0.11745793E+05  0.13109404E-15
  0.12281820E+05  0.11045389E-15
  0.12842310E+05  0.93023745E-16
  0.13428377E+05  0.78126219E-16
  0.14041190E+05  0.65516592E-16
  0.14681969E+05  0.54953322E-16
  0.15351991E+05  0.46035554E-16
  0.16052589E+05  0.38479241E-16
  0.16785160E+05  0.32160815E-16
  0.17551162E+05  0.26877097E-16
  0.18352121E+05  0.22431578E-16
  0.19189633E+05  0.18659789E-16
  0.20065365E+05  0.15526691E-16
  0.20981061E+05  0.12927078E-16
  0.21938546E+05  0.10749083E-16
  0.22939727E+05  0.89248215E-17
  0.23986596E+05  0.73862806E-17
  0.25081241E+05  0.61353991E-17
  0.26225840E+05  0.50742173E-17
  0.27422674E+05  0.41938247E-17
  0.28674126E+05  0.34689424E-17
  0.29982690E+05  0.28611421E-17
  0.31350970E+05  0.23671022E-17
  0.32781693E+05  0.19435994E-17
  0.34277707E+05  0.15978556E-17
  0.35841994E+05  0.13176421E-17
  0.37477667E+05  0.10774971E-17
  0.39187986E+05  0.89245342E-18
  0.40976356E+05  0.72643080E-18
  0.42846340E+05  0.59971011E-18
  0.44801661E+05  0.48743860E-18
  0.46846215E+05  0.39980162E-18
  0.48984074E+05  0.32648765E-18
  0.51219495E+05  0.26603446E-18
  0.53556932E+05  0.21805846E-18
  0.56001038E+05  0.17665282E-18
  0.58556683E+05  0.14504825E-18
  0.61228957E+05  0.11660012E-18
  0.64023182E+05  0.95787584E-19
  0.66944923E+05  0.76872335E-19
  0.70000000E+05  0.62875694E-19
