  Principal QN n  Azimuthal QN l
               1               0
 Electron Energy Probability dst
  0.10000000E+01  0.15894154E-10
  0.10456357E+01  0.15894949E-10
  0.10933540E+01  0.15895729E-10
  0.11432499E+01  0.15896488E-10
  0.11954229E+01  0.15897220E-10
  0.12499768E+01  0.15897920E-10
  0.13070204E+01  0.15898581E-10
  0.13666671E+01  0.15899193E-10
  0.14290359E+01  0.15899749E-10
  0.14942509E+01  0.15900239E-10
  0.15624421E+01  0.15900652E-10
  0.16337452E+01  0.15900977E-10
  0.17083022E+01  0.15901200E-10
  0.17862617E+01  0.15901307E-10
  0.18677790E+01  0.15901284E-10
  0.19530164E+01  0.15901113E-10
  0.20421436E+01  0.15900776E-10
  0.21353382E+01  0.15900252E-10
  0.22327858E+01  0.15899521E-10
  0.23346805E+01  0.15898558E-10
  0.24412252E+01  0.15897337E-10
  0.25526322E+01  0.15895832E-10
  0.26691232E+01  0.15894013E-10
  0.27909305E+01  0.15891847E-10
  0.29182965E+01  0.15889299E-10
  0.30514749E+01  0.15886334E-10
  0.31907310E+01  0.15882910E-10
  0.33363422E+01  0.15878987E-10
  0.34885984E+01  0.15874518E-10
  0.36478030E+01  0.15869453E-10
  0.38142729E+01  0.15863743E-10
  0.39883398E+01  0.15857331E-10
  0.41703504E+01  0.15850162E-10
  0.43606672E+01  0.15842174E-10
  0.45596692E+01  0.15833305E-10
  0.47677528E+01  0.15823491E-10
  0.49853324E+01  0.15812663E-10
  0.52128414E+01  0.15800755E-10
  0.54507329E+01  0.15787695E-10
  0.56994808E+01  0.15773408E-10
  0.59595804E+01  0.15757818E-10
  0.62315499E+01  0.15740847E-10
  0.65159309E+01  0.15722421E-10
  0.68132898E+01  0.15702465E-10
  0.71242189E+01  0.15680912E-10
  0.74493374E+01  0.15657699E-10
  0.77892930E+01  0.15632771E-10
  0.81447626E+01  0.15606077E-10
  0.85164544E+01  0.15577535E-10
  0.89051085E+01  0.15547053E-10
  0.93114992E+01  0.15514539E-10
  0.97364357E+01  0.15479910E-10
  0.10180765E+02  0.15443083E-10
  0.10645371E+02  0.15403990E-10
  0.11131179E+02  0.15362571E-10
  0.11639158E+02  0.15318780E-10
  0.12170319E+02  0.15272558E-10
  0.12725720E+02  0.15223839E-10
  0.13306467E+02  0.15172571E-10
  0.13913716E+02  0.15118717E-10
  0.14548678E+02  0.15062264E-10
  0.15212617E+02  0.15003226E-10
  0.15906855E+02  0.14941650E-10
  0.16632775E+02  0.14877625E-10
  0.17391823E+02  0.14811275E-10
  0.18185510E+02  0.14742642E-10
  0.19015418E+02  0.14671721E-10
  0.19883200E+02  0.14598519E-10
  0.20790583E+02  0.14523060E-10
  0.21739375E+02  0.14445384E-10
  0.22731466E+02  0.14365553E-10
  0.23768832E+02  0.14283644E-10
  0.24853539E+02  0.14199720E-10
  0.25987747E+02  0.14113859E-10
  0.27173715E+02  0.14026155E-10
  0.28413806E+02  0.13936725E-10
  0.29710489E+02  0.13845687E-10
  0.31066348E+02  0.13753139E-10
  0.32484081E+02  0.13659195E-10
  0.33966514E+02  0.13563976E-10
  0.35516599E+02  0.13467605E-10
  0.37137423E+02  0.13370145E-10
  0.38832214E+02  0.13271632E-10
  0.40604349E+02  0.13172077E-10
  0.42457356E+02  0.13071461E-10
  0.44394926E+02  0.12969742E-10
  0.46420918E+02  0.12866883E-10
  0.48539368E+02  0.12762813E-10
  0.50754495E+02  0.12657409E-10
  0.53070711E+02  0.12550479E-10
  0.55492628E+02  0.12441832E-10
  0.58025072E+02  0.12331417E-10
  0.60673085E+02  0.12219176E-10
  0.63441942E+02  0.12104985E-10
  0.66337158E+02  0.11988582E-10
  0.69364499E+02  0.11869586E-10
  0.72529995E+02  0.11747596E-10
  0.75839950E+02  0.11622437E-10
  0.79300958E+02  0.11493962E-10
  0.82919910E+02  0.11362002E-10
  0.86704016E+02  0.11226423E-10
  0.90660813E+02  0.11087090E-10
  0.94798180E+02  0.10943832E-10
  0.99124359E+02  0.10796491E-10
  0.10364797E+03  0.10645064E-10
  0.10837801E+03  0.10489596E-10
  0.11332391E+03  0.10330049E-10
  0.11849553E+03  0.10166299E-10
  0.12390315E+03  0.99983352E-11
  0.12955756E+03  0.98264085E-11
  0.13547000E+03  0.96507953E-11
  0.14165227E+03  0.94715969E-11
  0.14811666E+03  0.92888766E-11
  0.15487607E+03  0.91027663E-11
  0.16194394E+03  0.89136431E-11
  0.16933436E+03  0.87219199E-11
  0.17706205E+03  0.85274630E-11
  0.18514240E+03  0.83299945E-11
  0.19359150E+03  0.81300312E-11
  0.20242617E+03  0.79281581E-11
  0.21166403E+03  0.77243957E-11
  0.22132346E+03  0.75186626E-11
  0.23142371E+03  0.73111066E-11
  0.24198488E+03  0.71019489E-11
  0.25302803E+03  0.68914275E-11
  0.26457513E+03  0.66798464E-11
  0.27664920E+03  0.64676015E-11
  0.28927427E+03  0.62548609E-11
  0.30247550E+03  0.60417064E-11
  0.31627917E+03  0.58285148E-11
  0.33071278E+03  0.56157058E-11
  0.34580508E+03  0.54035673E-11
  0.36158613E+03  0.51923658E-11
  0.37808736E+03  0.49824931E-11
  0.39534163E+03  0.47744230E-11
  0.41338331E+03  0.45683194E-11
  0.43224834E+03  0.43644497E-11
  0.45197428E+03  0.41634637E-11
  0.47260044E+03  0.39655621E-11
  0.49416788E+03  0.37708863E-11
  0.51671956E+03  0.35798913E-11
  0.54030041E+03  0.33930607E-11
  0.56495738E+03  0.32105266E-11
  0.59073959E+03  0.30325544E-11
  0.61769839E+03  0.28592665E-11
  0.64588748E+03  0.26910833E-11
  0.67536299E+03  0.25283663E-11
  0.70618363E+03  0.23709804E-11
  0.73841080E+03  0.22191835E-11
  0.77210867E+03  0.20733689E-11
  0.80734438E+03  0.19333399E-11
  0.84418808E+03  0.17993146E-11
  0.88271317E+03  0.16713064E-11
  0.92299639E+03  0.15493547E-11
  0.96511795E+03  0.14334734E-11
  0.10091618E+04  0.13236192E-11
  0.10552155E+04  0.12197814E-11
  0.11033710E+04  0.11217785E-11
  0.11537241E+04  0.10295825E-11
  0.12063751E+04  0.94305591E-12
  0.12614288E+04  0.86210834E-12
  0.13189950E+04  0.78646852E-12
  0.13791882E+04  0.71601175E-12
  0.14421284E+04  0.65055190E-12
  0.15079409E+04  0.58988883E-12
  0.15767568E+04  0.53385377E-12
  0.16487131E+04  0.48213516E-12
  0.17239533E+04  0.43455877E-12
  0.18026270E+04  0.39090199E-12
  0.18848911E+04  0.35096719E-12
  0.19709094E+04  0.31448545E-12
  0.20608532E+04  0.28123985E-12
  0.21549016E+04  0.25102496E-12
  0.22532420E+04  0.22362919E-12
  0.23560703E+04  0.19884990E-12
  0.24635911E+04  0.17649596E-12
  0.25760188E+04  0.15636444E-12
  0.26935771E+04  0.13826282E-12
  0.28165003E+04  0.12204787E-12
  0.29450332E+04  0.10753672E-12
  0.30794318E+04  0.94595204E-13
  0.32199637E+04  0.83057184E-13
  0.33669090E+04  0.72804655E-13
  0.35205601E+04  0.63707545E-13
  0.36812233E+04  0.55659428E-13
  0.38492184E+04  0.48545560E-13
  0.40248800E+04  0.42274969E-13
  0.42085582E+04  0.36753986E-13
  0.44006186E+04  0.31906861E-13
  0.46014438E+04  0.27655126E-13
  0.48114338E+04  0.23935622E-13
  0.50310068E+04  0.20685837E-13
  0.52606002E+04  0.17851891E-13
  0.55006712E+04  0.15385063E-13
  0.57516981E+04  0.13240071E-13
  0.60141807E+04  0.11379376E-13
  0.62886419E+04  0.97677944E-14
  0.65756283E+04  0.83735363E-14
  0.68757115E+04  0.71696241E-14
  0.71894893E+04  0.61314055E-14
  0.75175865E+04  0.52368958E-14
  0.78606566E+04  0.44678898E-14
  0.82193830E+04  0.38077657E-14
  0.85944801E+04  0.32415520E-14
  0.89866950E+04  0.27565322E-14
  0.93968089E+04  0.23416022E-14
  0.98256386E+04  0.19870248E-14
  0.10274038E+05  0.16844096E-14
  0.10742901E+05  0.14265431E-14
  0.11233160E+05  0.12070301E-14
  0.11745793E+05  0.10202200E-14
  0.12281820E+05  0.86158362E-15
  0.12842310E+05  0.72689767E-15
  0.13428377E+05  0.61268150E-15
  0.14041190E+05  0.51595341E-15
  0.14681969E+05  0.43410112E-15
  0.15351991E+05  0.36494417E-15
  0.16052589E+05  0.30653301E-15
  0.16785160E+05  0.25721136E-15
  0.17551162E+05  0.21565948E-15
  0.18352121E+05  0.18067135E-15
  0.19189633E+05  0.15122204E-15
  0.20065365E+05  0.12646491E-15
  0.20981061E+05  0.10569742E-15
  0.21938546E+05  0.88247592E-16
  0.22939727E+05  0.73635400E-16
  0.23986596E+05  0.61372656E-16
  0.25081241E+05  0.51126416E-16
  0.26225840E+05  0.42550342E-16
  0.27422674E+05  0.35394771E-16
  0.28674126E+05  0.29431963E-16
  0.29982690E+05  0.24437333E-16
  0.31350970E+05  0.20283635E-16
  0.32781693E+05  0.16819774E-16
  0.34277707E+05  0.13938916E-16
  0.35841994E+05  0.11547666E-16
  0.37477667E+05  0.95660987E-17
  0.39187986E+05  0.79095523E-17
  0.40976356E+05  0.65366226E-17
  0.42846340E+05  0.54003890E-17
  0.44801661E+05  0.44576042E-17
  0.46846215E+05  0.36798785E-17
  0.48984074E+05  0.30345180E-17
  0.51219495E+05  0.25011708E-17
  0.53556932E+05  0.20581826E-17
  0.56001038E+05  0.16946779E-17
  0.58556683E+05  0.13925538E-17
  0.61228957E+05  0.11432439E-17
  0.64023182E+05  0.94000093E-18
  0.66944923E+05  0.77227523E-18
  0.70000000E+05  0.63339799E-18
  Principal QN n  Azimuthal QN l
               2               0
 Electron Energy Probability dst
  0.10000000E+01  0.51134121E-09
  0.10456357E+01  0.51137822E-09
  0.10933540E+01  0.51141457E-09
  0.11432499E+01  0.51144990E-09
  0.11954229E+01  0.51148381E-09
  0.12499768E+01  0.51151581E-09
  0.13070204E+01  0.51154534E-09
  0.13666671E+01  0.51157175E-09
  0.14290359E+01  0.51159432E-09
  0.14942509E+01  0.51161238E-09
  0.15624421E+01  0.51162521E-09
  0.16337452E+01  0.51163203E-09
  0.17083022E+01  0.51163196E-09
  0.17862617E+01  0.51162402E-09
  0.18677790E+01  0.51160715E-09
  0.19530164E+01  0.51158016E-09
  0.20421436E+01  0.51154173E-09
  0.21353382E+01  0.51149042E-09
  0.22327858E+01  0.51142477E-09
  0.23346805E+01  0.51134338E-09
  0.24412252E+01  0.51124481E-09
  0.25526322E+01  0.51112753E-09
  0.26691232E+01  0.51098996E-09
  0.27909305E+01  0.51083047E-09
  0.29182965E+01  0.51064737E-09
  0.30514749E+01  0.51043894E-09
  0.31907310E+01  0.51020297E-09
  0.33363422E+01  0.50993635E-09
  0.34885984E+01  0.50963560E-09
  0.36478030E+01  0.50929685E-09
  0.38142729E+01  0.50891580E-09
  0.39883398E+01  0.50848764E-09
  0.41703504E+01  0.50800717E-09
  0.43606672E+01  0.50747023E-09
  0.45596692E+01  0.50687394E-09
  0.47677528E+01  0.50621573E-09
  0.49853324E+01  0.50549340E-09
  0.52128414E+01  0.50470528E-09
  0.54507329E+01  0.50384989E-09
  0.56994808E+01  0.50292112E-09
  0.59595804E+01  0.50190852E-09
  0.62315499E+01  0.50079990E-09
  0.65159309E+01  0.49958224E-09
  0.68132898E+01  0.49824956E-09
  0.71242189E+01  0.49680043E-09
  0.74493374E+01  0.49523475E-09
  0.77892930E+01  0.49354868E-09
  0.81447626E+01  0.49173388E-09
  0.85164544E+01  0.48978146E-09
  0.89051085E+01  0.48768307E-09
  0.93114992E+01  0.48543149E-09
  0.97364357E+01  0.48301990E-09
  0.10180765E+02  0.48044186E-09
  0.10645371E+02  0.47768978E-09
  0.11131179E+02  0.47475460E-09
  0.11639158E+02  0.47162724E-09
  0.12170319E+02  0.46829893E-09
  0.12725720E+02  0.46476274E-09
  0.13306467E+02  0.46101380E-09
  0.13913716E+02  0.45704887E-09
  0.14548678E+02  0.45286559E-09
  0.15212617E+02  0.44845980E-09
  0.15906855E+02  0.44382812E-09
  0.16632775E+02  0.43896876E-09
  0.17391823E+02  0.43387923E-09
  0.18185510E+02  0.42855752E-09
  0.19015418E+02  0.42300329E-09
  0.19883200E+02  0.41721474E-09
  0.20790583E+02  0.41118939E-09
  0.21739375E+02  0.40492654E-09
  0.22731466E+02  0.39842920E-09
  0.23768832E+02  0.39170412E-09
  0.24853539E+02  0.38475940E-09
  0.25987747E+02  0.37759937E-09
  0.27173715E+02  0.37022881E-09
  0.28413806E+02  0.36265271E-09
  0.29710489E+02  0.35488132E-09
  0.31066348E+02  0.34693298E-09
  0.32484081E+02  0.33881830E-09
  0.33966514E+02  0.33054344E-09
  0.35516599E+02  0.32212016E-09
  0.37137423E+02  0.31356420E-09
  0.38832214E+02  0.30488998E-09
  0.40604349E+02  0.29611098E-09
  0.42457356E+02  0.28724225E-09
  0.44394926E+02  0.27830024E-09
  0.46420918E+02  0.26929798E-09
  0.48539368E+02  0.26024532E-09
  0.50754495E+02  0.25116238E-09
  0.53070711E+02  0.24207614E-09
  0.55492628E+02  0.23300078E-09
  0.58025072E+02  0.22394535E-09
  0.60673085E+02  0.21492521E-09
  0.63441942E+02  0.20595842E-09
  0.66337158E+02  0.19706807E-09
  0.69364499E+02  0.18827059E-09
  0.72529995E+02  0.17957386E-09
  0.75839950E+02  0.17100334E-09
  0.79300958E+02  0.16257204E-09
  0.82919910E+02  0.15429001E-09
  0.86704016E+02  0.14618484E-09
  0.90660813E+02  0.13826248E-09
  0.94798180E+02  0.13053378E-09
  0.99124359E+02  0.12302548E-09
  0.10364797E+03  0.11573596E-09
  0.10837801E+03  0.10868199E-09
  0.11332391E+03  0.10187684E-09
  0.11849553E+03  0.95321730E-10
  0.12390315E+03  0.89027971E-10
  0.12955756E+03  0.82999872E-10
  0.13547000E+03  0.77241584E-10
  0.14165227E+03  0.71752918E-10
  0.14811666E+03  0.66538621E-10
  0.15487607E+03  0.61594406E-10
  0.16194394E+03  0.56914765E-10
  0.16933436E+03  0.52505156E-10
  0.17706205E+03  0.48352066E-10
  0.18514240E+03  0.44450558E-10
  0.19359150E+03  0.40793958E-10
  0.20242617E+03  0.37381002E-10
  0.21166403E+03  0.34193333E-10
  0.22132346E+03  0.31224760E-10
  0.23142371E+03  0.28471745E-10
  0.24198488E+03  0.25914258E-10
  0.25302803E+03  0.23548422E-10
  0.26457513E+03  0.21366749E-10
  0.27664920E+03  0.19353655E-10
  0.28927427E+03  0.17502731E-10
  0.30247550E+03  0.15804333E-10
  0.31627917E+03  0.14245154E-10
  0.33071278E+03  0.12820699E-10
  0.34580508E+03  0.11523835E-10
  0.36158613E+03  0.10341239E-10
  0.37808736E+03  0.92597224E-11
  0.39534163E+03  0.82775674E-11
  0.41338331E+03  0.73921236E-11
  0.43224834E+03  0.65969308E-11
  0.45197428E+03  0.58807686E-11
  0.47260044E+03  0.52300347E-11
  0.49416788E+03  0.46415215E-11
  0.51671956E+03  0.41140231E-11
  0.54030041E+03  0.36440920E-11
  0.56495738E+03  0.32254741E-11
  0.59073959E+03  0.28493499E-11
  0.61769839E+03  0.25118126E-11
  0.64588748E+03  0.22116851E-11
  0.67536299E+03  0.19463478E-11
  0.70618363E+03  0.17113318E-11
  0.73841080E+03  0.15014909E-11
  0.77210867E+03  0.13152870E-11
  0.80734438E+03  0.11513733E-11
  0.84418808E+03  0.10073233E-11
  0.88271317E+03  0.87979248E-12
  0.92299639E+03  0.76720155E-12
  0.96511795E+03  0.66860396E-12
  0.10091618E+04  0.58235470E-12
  0.10552155E+04  0.50633744E-12
  0.11033710E+04  0.43964138E-12
  0.11537241E+04  0.38152701E-12
  0.12063751E+04  0.33078715E-12
  0.12614288E+04  0.28633571E-12
  0.13189950E+04  0.24769121E-12
  0.13791882E+04  0.21415053E-12
  0.14421284E+04  0.18486634E-12
  0.15079409E+04  0.15944414E-12
  0.15767568E+04  0.13745297E-12
  0.16487131E+04  0.11833566E-12
  0.17239533E+04  0.10179583E-12
  0.18026270E+04  0.87526835E-13
  0.18848911E+04  0.75160629E-13
  0.19709094E+04  0.64500088E-13
  0.20608532E+04  0.55312788E-13
  0.21549016E+04  0.47377644E-13
  0.22532420E+04  0.40561185E-13
  0.23560703E+04  0.34689999E-13
  0.24635911E+04  0.29647259E-13
  0.25760188E+04  0.25321924E-13
  0.26935771E+04  0.21606823E-13
  0.28165003E+04  0.18427778E-13
  0.29450332E+04  0.15699804E-13
  0.30794318E+04  0.13367473E-13
  0.32199637E+04  0.11369350E-13
  0.33669090E+04  0.96638112E-14
  0.35205601E+04  0.82087183E-14
  0.36812233E+04  0.69697757E-14
  0.38492184E+04  0.59120028E-14
  0.40248800E+04  0.50104537E-14
  0.42085582E+04  0.42422701E-14
  0.44006186E+04  0.35900868E-14
  0.46014438E+04  0.30365318E-14
  0.48114338E+04  0.25666358E-14
  0.50310068E+04  0.21669557E-14
  0.52606002E+04  0.18284792E-14
  0.55006712E+04  0.15422564E-14
  0.57516981E+04  0.12994908E-14
  0.60141807E+04  0.10945406E-14
  0.62886419E+04  0.92171748E-15
  0.65756283E+04  0.77497116E-15
  0.68757115E+04  0.65100774E-15
  0.71894893E+04  0.54686335E-15
  0.75175865E+04  0.45909015E-15
  0.78606566E+04  0.38511291E-15
  0.82193830E+04  0.32281794E-15
  0.85944801E+04  0.27034469E-15
  0.89866950E+04  0.22619658E-15
  0.93968089E+04  0.18966876E-15
  0.98256386E+04  0.15876810E-15
  0.10274038E+05  0.13260933E-15
  0.10742901E+05  0.11100487E-15
  0.11233160E+05  0.92576256E-16
  0.11745793E+05  0.77372529E-16
  0.12281820E+05  0.64656455E-16
  0.12842310E+05  0.53851454E-16
  0.13428377E+05  0.44868967E-16
  0.14041190E+05  0.37493633E-16
  0.14681969E+05  0.31220588E-16
  0.15351991E+05  0.26011809E-16
  0.16052589E+05  0.21661365E-16
  0.16785160E+05  0.17994567E-16
  0.17551162E+05  0.14942564E-16
  0.18352121E+05  0.12457528E-16
  0.19189633E+05  0.10355874E-16
  0.20065365E+05  0.86151572E-17
  0.20981061E+05  0.71278437E-17
  0.21938546E+05  0.59283886E-17
  0.22939727E+05  0.49170032E-17
  0.23986596E+05  0.40787893E-17
  0.25081241E+05  0.33764722E-17
  0.26225840E+05  0.28000755E-17
  0.27422674E+05  0.23109096E-17
  0.28674126E+05  0.19155177E-17
  0.29982690E+05  0.15818172E-17
  0.31350970E+05  0.13052389E-17
  0.32781693E+05  0.10809474E-17
  0.34277707E+05  0.89263691E-18
  0.35841994E+05  0.73728632E-18
  0.37477667E+05  0.60554358E-18
  0.39187986E+05  0.49929261E-18
  0.40976356E+05  0.41096201E-18
  0.42846340E+05  0.33735932E-18
  0.44801661E+05  0.28026532E-18
  0.46846215E+05  0.22863121E-18
  0.48984074E+05  0.18908028E-18
  0.51219495E+05  0.15424018E-18
  0.53556932E+05  0.12723741E-18
  0.56001038E+05  0.10388476E-18
  0.58556683E+05  0.85555825E-19
  0.61228957E+05  0.69996482E-19
  0.64023182E+05  0.57594841E-19
  0.66944923E+05  0.47122157E-19
  0.70000000E+05  0.38601211E-19
  Principal QN n  Azimuthal QN l
               2               1
 Electron Energy Probability dst
  0.10000000E+01  0.74874366E-08
  0.10456357E+01  0.75369726E-08
  0.10933540E+01  0.75885387E-08
  0.11432499E+01  0.76422054E-08
  0.11954229E+01  0.76980446E-08
  0.12499768E+01  0.77561288E-08
  0.13070204E+01  0.78165316E-08
  0.13666671E+01  0.78793268E-08
  0.14290359E+01  0.79445873E-08
  0.14942509E+01  0.80123828E-08
  0.15624421E+01  0.80827817E-08
  0.16337452E+01  0.81558499E-08
  0.17083022E+01  0.82316505E-08
  0.17862617E+01  0.83102428E-08
  0.18677790E+01  0.83916815E-08
  0.19530164E+01  0.84760152E-08
  0.20421436E+01  0.85632850E-08
  0.21353382E+01  0.86535220E-08
  0.22327858E+01  0.87467464E-08
  0.23346805E+01  0.88429659E-08
  0.24412252E+01  0.89421729E-08
  0.25526322E+01  0.90443425E-08
  0.26691232E+01  0.91494292E-08
  0.27909305E+01  0.92573690E-08
  0.29182965E+01  0.93680756E-08
  0.30514749E+01  0.94814339E-08
  0.31907310E+01  0.95972951E-08
  0.33363422E+01  0.97154722E-08
  0.34885984E+01  0.98357375E-08
  0.36478030E+01  0.99578610E-08
  0.38142729E+01  0.10081601E-07
  0.39883398E+01  0.10206676E-07
  0.41703504E+01  0.10332761E-07
  0.43606672E+01  0.10459483E-07
  0.45596692E+01  0.10586386E-07
  0.47677528E+01  0.10712915E-07
  0.49853324E+01  0.10838429E-07
  0.52128414E+01  0.10962195E-07
  0.54507329E+01  0.11083388E-07
  0.56994808E+01  0.11201240E-07
  0.59595804E+01  0.11314989E-07
  0.62315499E+01  0.11423814E-07
  0.65159309E+01  0.11526833E-07
  0.68132898E+01  0.11623116E-07
  0.71242189E+01  0.11711671E-07
  0.74493374E+01  0.11791352E-07
  0.77892930E+01  0.11860835E-07
  0.81447626E+01  0.11918769E-07
  0.85164544E+01  0.11964040E-07
  0.89051085E+01  0.11995631E-07
  0.93114992E+01  0.12012538E-07
  0.97364357E+01  0.12013690E-07
  0.10180765E+02  0.11998055E-07
  0.10645371E+02  0.11964703E-07
  0.11131179E+02  0.11912833E-07
  0.11639158E+02  0.11841829E-07
  0.12170319E+02  0.11751303E-07
  0.12725720E+02  0.11640893E-07
  0.13306467E+02  0.11510371E-07
  0.13913716E+02  0.11359826E-07
  0.14548678E+02  0.11189474E-07
  0.15212617E+02  0.10999847E-07
  0.15906855E+02  0.10791767E-07
  0.16632775E+02  0.10565866E-07
  0.17391823E+02  0.10323111E-07
  0.18185510E+02  0.10064664E-07
  0.19015418E+02  0.97919147E-08
  0.19883200E+02  0.95065554E-08
  0.20790583E+02  0.92100339E-08
  0.21739375E+02  0.89040770E-08
  0.22731466E+02  0.85902638E-08
  0.23768832E+02  0.82703170E-08
  0.24853539E+02  0.79460411E-08
  0.25987747E+02  0.76193443E-08
  0.27173715E+02  0.72913010E-08
  0.28413806E+02  0.69629562E-08
  0.29710489E+02  0.66374003E-08
  0.31066348E+02  0.63151658E-08
  0.32484081E+02  0.59968295E-08
  0.33966514E+02  0.56841078E-08
  0.35516599E+02  0.53780192E-08
  0.37137423E+02  0.50792330E-08
  0.38832214E+02  0.47885147E-08
  0.40604349E+02  0.45064862E-08
  0.42457356E+02  0.42335399E-08
  0.44394926E+02  0.39701081E-08
  0.46420918E+02  0.37165551E-08
  0.48539368E+02  0.34730583E-08
  0.50754495E+02  0.32396478E-08
  0.53070711E+02  0.30163491E-08
  0.55492628E+02  0.28033702E-08
  0.58025072E+02  0.26004994E-08
  0.60673085E+02  0.24076492E-08
  0.63441942E+02  0.22248500E-08
  0.66337158E+02  0.20517027E-08
  0.69364499E+02  0.18882376E-08
  0.72529995E+02  0.17341986E-08
  0.75839950E+02  0.15893002E-08
  0.79300958E+02  0.14534135E-08
  0.82919910E+02  0.13262272E-08
  0.86704016E+02  0.12074935E-08
  0.90660813E+02  0.10969618E-08
  0.94798180E+02  0.99433935E-09
  0.99124359E+02  0.89929528E-09
  0.10364797E+03  0.81153406E-09
  0.10837801E+03  0.73079405E-09
  0.11332391E+03  0.65655123E-09
  0.11849553E+03  0.58868804E-09
  0.12390315E+03  0.52670935E-09
  0.12955756E+03  0.47026947E-09
  0.13547000E+03  0.41904731E-09
  0.14165227E+03  0.37267365E-09
  0.14811666E+03  0.33077224E-09
  0.15487607E+03  0.29304422E-09
  0.16194394E+03  0.25912515E-09
  0.16933436E+03  0.22871465E-09
  0.17706205E+03  0.20151008E-09
  0.18514240E+03  0.17723023E-09
  0.19359150E+03  0.15565565E-09
  0.20242617E+03  0.13648252E-09
  0.21166403E+03  0.11932255E-09
  0.22132346E+03  0.10405746E-09
  0.23142371E+03  0.90630594E-10
  0.24198488E+03  0.78913114E-10
  0.25302803E+03  0.68686077E-10
  0.26457513E+03  0.59628690E-10
  0.27664920E+03  0.51540757E-10
  0.28927427E+03  0.44416459E-10
  0.30247550E+03  0.38233824E-10
  0.31627917E+03  0.32936449E-10
  0.33071278E+03  0.28424903E-10
  0.34580508E+03  0.24546523E-10
  0.36158613E+03  0.21116108E-10
  0.37808736E+03  0.18079911E-10
  0.39534163E+03  0.15432844E-10
  0.41338331E+03  0.13156866E-10
  0.43224834E+03  0.11217583E-10
  0.45197428E+03  0.95603112E-11
  0.47260044E+03  0.81204625E-11
  0.49416788E+03  0.68786295E-11
  0.51671956E+03  0.58248096E-11
  0.54030041E+03  0.49405131E-11
  0.56495738E+03  0.41967296E-11
  0.59073959E+03  0.35552123E-11
  0.61769839E+03  0.29990797E-11
  0.64588748E+03  0.25244376E-11
  0.67536299E+03  0.21240473E-11
  0.70618363E+03  0.17863187E-11
  0.73841080E+03  0.14980724E-11
  0.77210867E+03  0.12545995E-11
  0.80734438E+03  0.10516850E-11
  0.84418808E+03  0.88266624E-12
  0.88271317E+03  0.73891505E-12
  0.92299639E+03  0.61661543E-12
  0.96511795E+03  0.51405916E-12
  0.10091618E+04  0.42846867E-12
  0.10552155E+04  0.35634188E-12
  0.11033710E+04  0.29601944E-12
  0.11537241E+04  0.24610924E-12
  0.12063751E+04  0.20451806E-12
  0.12614288E+04  0.16945400E-12
  0.13189950E+04  0.14025843E-12
  0.13791882E+04  0.11606530E-12
  0.14421284E+04  0.95851486E-13
  0.15079409E+04  0.79114399E-13
  0.15767568E+04  0.65322657E-13
  0.16487131E+04  0.53822284E-13
  0.17239533E+04  0.44292673E-13
  0.18026270E+04  0.36440228E-13
  0.18848911E+04  0.29922581E-13
  0.19709094E+04  0.24558564E-13
  0.20608532E+04  0.20145840E-13
  0.21549016E+04  0.16497354E-13
  0.22532420E+04  0.13506321E-13
  0.23560703E+04  0.11041000E-13
  0.24635911E+04  0.90166061E-14
  0.25760188E+04  0.73586895E-14
  0.26935771E+04  0.59972950E-14
  0.28165003E+04  0.48861576E-14
  0.29450332E+04  0.39744302E-14
  0.30794318E+04  0.32309544E-14
  0.32199637E+04  0.26229228E-14
  0.33669090E+04  0.21283389E-14
  0.35205601E+04  0.17258048E-14
  0.36812233E+04  0.13987239E-14
  0.38492184E+04  0.11312484E-14
  0.40248800E+04  0.91359532E-15
  0.42085582E+04  0.73772996E-15
  0.44006186E+04  0.59594771E-15
  0.46014438E+04  0.48050725E-15
  0.48114338E+04  0.38680038E-15
  0.50310068E+04  0.31104245E-15
  0.52606002E+04  0.25043574E-15
  0.55006712E+04  0.20177284E-15
  0.57516981E+04  0.16185337E-15
  0.60141807E+04  0.12962743E-15
  0.62886419E+04  0.10399344E-15
  0.65756283E+04  0.83265144E-16
  0.68757115E+04  0.66751731E-16
  0.71894893E+04  0.53658255E-16
  0.75175865E+04  0.42868967E-16
  0.78606566E+04  0.34178593E-16
  0.82193830E+04  0.27346404E-16
  0.85944801E+04  0.21937493E-16
  0.89866950E+04  0.17561874E-16
  0.93968089E+04  0.14021219E-16
  0.98256386E+04  0.11164007E-16
  0.10274038E+05  0.89208892E-17
  0.10742901E+05  0.71601696E-17
  0.11233160E+05  0.56780646E-17
  0.11745793E+05  0.45634060E-17
  0.12281820E+05  0.36556226E-17
  0.12842310E+05  0.29326342E-17
  0.13428377E+05  0.23392384E-17
  0.14041190E+05  0.18778365E-17
  0.14681969E+05  0.14829798E-17
  0.15351991E+05  0.11923711E-17
  0.16052589E+05  0.95363336E-18
  0.16785160E+05  0.76325983E-18
  0.17551162E+05  0.60125740E-18
  0.18352121E+05  0.47452492E-18
  0.19189633E+05  0.37786174E-18
  0.20065365E+05  0.30843826E-18
  0.20981061E+05  0.24701062E-18
  0.21938546E+05  0.19507752E-18
  0.22939727E+05  0.15433436E-18
  0.23986596E+05  0.12326967E-18
  0.25081241E+05  0.97102866E-19
  0.26225840E+05  0.78213943E-19
  0.27422674E+05  0.61910408E-19
  0.28674126E+05  0.48578679E-19
  0.29982690E+05  0.39011130E-19
  0.31350970E+05  0.30133036E-19
  0.32781693E+05  0.24274290E-19
  0.34277707E+05  0.18766075E-19
  0.35841994E+05  0.15122691E-19
  0.37477667E+05  0.12018785E-19
  0.39187986E+05  0.93305897E-20
  0.40976356E+05  0.74236752E-20
  0.42846340E+05  0.58216830E-20
  0.44801661E+05  0.46724419E-20
  0.46846215E+05  0.36158030E-20
  0.48984074E+05  0.27918707E-20
  0.51219495E+05  0.22902116E-20
  0.53556932E+05  0.17720846E-20
  0.56001038E+05  0.14348105E-20
  0.58556683E+05  0.11125640E-20
  0.61228957E+05  0.84591999E-21
  0.64023182E+05  0.71824317E-21
  0.66944923E+05  0.53364695E-21
  0.70000000E+05  0.42879271E-21
  Principal QN n  Azimuthal QN l
               3               0
 Electron Energy Probability dst
  0.10000000E+01  0.37596445E-09
  0.10456357E+01  0.33554779E-09
  0.10933540E+01  0.29680291E-09
  0.11432499E+01  0.25989251E-09
  0.11954229E+01  0.22496022E-09
  0.12499768E+01  0.19212533E-09
  0.13070204E+01  0.16152393E-09
  0.13666671E+01  0.13330451E-09
  0.14290359E+01  0.10758485E-09
  0.14942509E+01  0.84446605E-10
  0.15624421E+01  0.63991226E-10
  0.16337452E+01  0.46316851E-10
  0.17083022E+01  0.31471014E-10
  0.17862617E+01  0.19472557E-10
  0.18677790E+01  0.10373779E-10
  0.19530164E+01  0.41827824E-11
  0.20421436E+01  0.84922145E-12
  0.21353382E+01  0.35245807E-12
  0.22327858E+01  0.26458751E-11
  0.23346805E+01  0.76126667E-11
  0.24412252E+01  0.15160015E-10
  0.25526322E+01  0.25174331E-10
  0.26691232E+01  0.37472967E-10
  0.27909305E+01  0.51905720E-10
  0.29182965E+01  0.68286008E-10
  0.30514749E+01  0.86383271E-10
  0.31907310E+01  0.10600488E-09
  0.33363422E+01  0.12690224E-09
  0.34885984E+01  0.14883462E-09
  0.36478030E+01  0.17155933E-09
  0.38142729E+01  0.19480252E-09
  0.39883398E+01  0.21832465E-09
  0.41703504E+01  0.24185492E-09
  0.43606672E+01  0.26515562E-09
  0.45596692E+01  0.28798060E-09
  0.47677528E+01  0.31010809E-09
  0.49853324E+01  0.33132745E-09
  0.52128414E+01  0.35143849E-09
  0.54507329E+01  0.37025240E-09
  0.56994808E+01  0.38760926E-09
  0.59595804E+01  0.40337887E-09
  0.62315499E+01  0.41744490E-09
  0.65159309E+01  0.42970765E-09
  0.68132898E+01  0.44008381E-09
  0.71242189E+01  0.44855299E-09
  0.74493374E+01  0.45510663E-09
  0.77892930E+01  0.45970371E-09
  0.81447626E+01  0.46241377E-09
  0.85164544E+01  0.46327800E-09
  0.89051085E+01  0.46234196E-09
  0.93114992E+01  0.45968968E-09
  0.97364357E+01  0.45541282E-09
  0.10180765E+02  0.44961335E-09
  0.10645371E+02  0.44240452E-09
  0.11131179E+02  0.43390475E-09
  0.11639158E+02  0.42423975E-09
  0.12170319E+02  0.41354000E-09
  0.12725720E+02  0.40193583E-09
  0.13306467E+02  0.38956418E-09
  0.13913716E+02  0.37655304E-09
  0.14548678E+02  0.36302244E-09
  0.15212617E+02  0.34909532E-09
  0.15906855E+02  0.33488702E-09
  0.16632775E+02  0.32050031E-09
  0.17391823E+02  0.30602858E-09
  0.18185510E+02  0.29158310E-09
  0.19015418E+02  0.27721999E-09
  0.19883200E+02  0.26303986E-09
  0.20790583E+02  0.24908060E-09
  0.21739375E+02  0.23542924E-09
  0.22731466E+02  0.22209751E-09
  0.23768832E+02  0.20917826E-09
  0.24853539E+02  0.19664011E-09
  0.25987747E+02  0.18458869E-09
  0.27173715E+02  0.17295912E-09
  0.28413806E+02  0.16185479E-09
  0.29710489E+02  0.15121153E-09
  0.31066348E+02  0.14110144E-09
  0.32484081E+02  0.13145749E-09
  0.33966514E+02  0.12232566E-09
  0.35516599E+02  0.11367910E-09
  0.37137423E+02  0.10552079E-09
  0.38832214E+02  0.97851109E-10
  0.40604349E+02  0.90653471E-10
  0.42457356E+02  0.83889811E-10
  0.44394926E+02  0.77495845E-10
  0.46420918E+02  0.71425056E-10
  0.48539368E+02  0.65696983E-10
  0.50754495E+02  0.60334541E-10
  0.53070711E+02  0.55355123E-10
  0.55492628E+02  0.50768701E-10
  0.58025072E+02  0.46575529E-10
  0.60673085E+02  0.42763393E-10
  0.63441942E+02  0.39304331E-10
  0.66337158E+02  0.36150718E-10
  0.69364499E+02  0.33230628E-10
  0.72529995E+02  0.30455657E-10
  0.75839950E+02  0.27804379E-10
  0.79300958E+02  0.25289390E-10
  0.82919910E+02  0.22922342E-10
  0.86704016E+02  0.20713263E-10
  0.90660813E+02  0.18669897E-10
  0.94798180E+02  0.16796916E-10
  0.99124359E+02  0.15094953E-10
  0.10364797E+03  0.13559458E-10
  0.10837801E+03  0.12179317E-10
  0.11332391E+03  0.10935218E-10
  0.11849553E+03  0.97980631E-11
  0.12390315E+03  0.87470072E-11
  0.12955756E+03  0.77847526E-11
  0.13547000E+03  0.69148397E-11
  0.14165227E+03  0.61390203E-11
  0.14811666E+03  0.54567217E-11
  0.15487607E+03  0.48644040E-11
  0.16194394E+03  0.43547947E-11
  0.16933436E+03  0.39159771E-11
  0.17706205E+03  0.35303106E-11
  0.18514240E+03  0.31749145E-11
  0.19359150E+03  0.28403130E-11
  0.20242617E+03  0.25279222E-11
  0.21166403E+03  0.22390859E-11
  0.22132346E+03  0.19747859E-11
  0.23142371E+03  0.17355215E-11
  0.24198488E+03  0.15211633E-11
  0.25302803E+03  0.13307792E-11
  0.26457513E+03  0.11626010E-11
  0.27664920E+03  0.10157256E-11
  0.28927427E+03  0.88972278E-12
  0.30247550E+03  0.78344564E-12
  0.31627917E+03  0.69482945E-12
  0.33071278E+03  0.62067308E-12
  0.34580508E+03  0.55638013E-12
  0.36158613E+03  0.49660368E-12
  0.37808736E+03  0.44005440E-12
  0.39534163E+03  0.38716386E-12
  0.41338331E+03  0.33837396E-12
  0.43224834E+03  0.29412832E-12
  0.45197428E+03  0.25486441E-12
  0.47260044E+03  0.22091550E-12
  0.49416788E+03  0.19214393E-12
  0.51671956E+03  0.16809708E-12
  0.54030041E+03  0.14804874E-12
  0.56495738E+03  0.13093596E-12
  0.59073959E+03  0.11542002E-12
  0.61769839E+03  0.10102634E-12
  0.64588748E+03  0.87856467E-13
  0.67536299E+03  0.76011753E-13
  0.70618363E+03  0.65583776E-13
  0.73841080E+03  0.56620938E-13
  0.77210867E+03  0.49036583E-13
  0.80734438E+03  0.42653022E-13
  0.84418808E+03  0.37203629E-13
  0.88271317E+03  0.32356570E-13
  0.92299639E+03  0.28002707E-13
  0.96511795E+03  0.24147404E-13
  0.10091618E+04  0.20783455E-13
  0.10552155E+04  0.17887972E-13
  0.11033710E+04  0.15423068E-13
  0.11537241E+04  0.13328705E-13
  0.12063751E+04  0.11516677E-13
  0.12614288E+04  0.99175034E-14
  0.13189950E+04  0.85196740E-14
  0.13791882E+04  0.73095854E-14
  0.14421284E+04  0.62676909E-14
  0.15079409E+04  0.53776804E-14
  0.15767568E+04  0.46171792E-14
  0.16487131E+04  0.39586945E-14
  0.17239533E+04  0.33899587E-14
  0.18026270E+04  0.29003758E-14
  0.18848911E+04  0.24773640E-14
  0.19709094E+04  0.21147885E-14
  0.20608532E+04  0.18055551E-14
  0.21549016E+04  0.15419615E-14
  0.22532420E+04  0.13173794E-14
  0.23560703E+04  0.11234289E-14
  0.24635911E+04  0.95612851E-15
  0.25760188E+04  0.81320330E-15
  0.26935771E+04  0.69176475E-15
  0.28165003E+04  0.58852524E-15
  0.29450332E+04  0.49985932E-15
  0.30794318E+04  0.42420374E-15
  0.32199637E+04  0.35999317E-15
  0.33669090E+04  0.30558279E-15
  0.35205601E+04  0.25903020E-15
  0.36812233E+04  0.21926153E-15
  0.38492184E+04  0.18548384E-15
  0.40248800E+04  0.15691106E-15
  0.42085582E+04  0.13266451E-15
  0.44006186E+04  0.11208768E-15
  0.46014438E+04  0.94573359E-16
  0.48114338E+04  0.79728820E-16
  0.50310068E+04  0.67188601E-16
  0.52606002E+04  0.56626503E-16
  0.55006712E+04  0.47720420E-16
  0.57516981E+04  0.40165568E-16
  0.60141807E+04  0.33774868E-16
  0.62886419E+04  0.28389852E-16
  0.65756283E+04  0.23858472E-16
  0.68757115E+04  0.20031121E-16
  0.71894893E+04  0.16797961E-16
  0.75175865E+04  0.14089562E-16
  0.78606566E+04  0.11793842E-16
  0.82193830E+04  0.98627566E-17
  0.85944801E+04  0.82652570E-17
  0.89866950E+04  0.69166970E-17
  0.93968089E+04  0.57824960E-17
  0.98256386E+04  0.48352662E-17
  0.10274038E+05  0.40427053E-17
  0.10742901E+05  0.33754561E-17
  0.11233160E+05  0.28141794E-17
  0.11745793E+05  0.23477648E-17
  0.12281820E+05  0.19614163E-17
  0.12842310E+05  0.16294041E-17
  0.13428377E+05  0.13593212E-17
  0.14041190E+05  0.11342751E-17
  0.14681969E+05  0.94643956E-18
  0.15351991E+05  0.78648437E-18
  0.16052589E+05  0.65692295E-18
  0.16785160E+05  0.54260710E-18
  0.17551162E+05  0.45317301E-18
  0.18352121E+05  0.37411779E-18
  0.19189633E+05  0.31302319E-18
  0.20065365E+05  0.25976154E-18
  0.20981061E+05  0.21542912E-18
  0.21938546E+05  0.17814177E-18
  0.22939727E+05  0.14905465E-18
  0.23986596E+05  0.12211691E-18
  0.25081241E+05  0.10158092E-18
  0.26225840E+05  0.84542219E-19
  0.27422674E+05  0.69351678E-19
  0.28674126E+05  0.57811753E-19
  0.29982690E+05  0.47448459E-19
  0.31350970E+05  0.39247031E-19
  0.32781693E+05  0.32497331E-19
  0.34277707E+05  0.26818633E-19
  0.35841994E+05  0.22118746E-19
  0.37477667E+05  0.18141427E-19
  0.39187986E+05  0.14991736E-19
  0.40976356E+05  0.12378927E-19
  0.42846340E+05  0.10099691E-19
  0.44801661E+05  0.84046220E-20
  0.46846215E+05  0.68289243E-20
  0.48984074E+05  0.56848754E-20
  0.51219495E+05  0.46024262E-20
  0.53556932E+05  0.38196730E-20
  0.56001038E+05  0.31116844E-20
  0.58556683E+05  0.25658114E-20
  0.61228957E+05  0.20972154E-20
  0.64023182E+05  0.17222584E-20
  0.66944923E+05  0.14142573E-20
  0.70000000E+05  0.11572609E-20
