1.069000E-02,1.74817E+01
1.142761E-02,1.74729E+01
1.221612E-02,1.74627E+01
1.305903E-02,1.74510E+01
1.396010E-02,1.74376E+01
1.492335E-02,1.74222E+01
1.595306E-02,1.74044E+01
1.705382E-02,1.73839E+01
1.823053E-02,1.73603E+01
1.948844E-02,1.73330E+01
2.083314E-02,1.73014E+01
2.227063E-02,1.72647E+01
2.380730E-02,1.72221E+01
2.545001E-02,1.71724E+01
2.720606E-02,1.71143E+01
2.908327E-02,1.70460E+01
3.109002E-02,1.69653E+01
3.323523E-02,1.68696E+01
3.552846E-02,1.67551E+01
3.797993E-02,1.66169E+01
4.060054E-02,1.64483E+01
4.340198E-02,1.62392E+01
4.639671E-02,1.59749E+01
4.959809E-02,1.56310E+01
5.302035E-02,1.51635E+01
5.667876E-02,1.44787E+01
6.058959E-02,1.32889E+01
6.272000E-02,1.19994E+01
6.368000E-02,1.05181E+01
6.393600E-02,9.04168E+00
6.432000E-02,1.01989E+01
6.477028E-02,1.07681E+01
6.528000E-02,1.10295E+01
6.923942E-02,1.13451E+01
7.401695E-02,1.19353E+01
7.912411E-02,1.34352E+01
8.458368E-02,1.54567E+01
9.041995E-02,1.75482E+01
9.665893E-02,1.93672E+01
1.033284E-01,2.07487E+01
1.104581E-01,2.16728E+01
1.180797E-01,2.21972E+01
1.262272E-01,2.23982E+01
1.349368E-01,2.23204E+01
1.437660E-01,2.18272E+01
1.442475E-01,2.17629E+01
1.459665E-01,2.13416E+01
1.465533E-01,2.07968E+01
1.474335E-01,2.13224E+01
1.496340E-01,2.17567E+01
1.542005E-01,2.20064E+01
1.648404E-01,2.21290E+01
1.762144E-01,2.20852E+01
1.883732E-01,2.19645E+01
2.013709E-01,2.17702E+01
2.039380E-01,2.16898E+01
2.070595E-01,2.14862E+01
2.078919E-01,2.12694E+01
2.091405E-01,2.14691E+01
2.122620E-01,2.16278E+01
2.152655E-01,2.16791E+01
2.301188E-01,2.17426E+01
2.459970E-01,2.17454E+01
2.629708E-01,2.17359E+01
2.811158E-01,2.17211E+01
3.005128E-01,2.16987E+01
3.212482E-01,2.16617E+01
3.434143E-01,2.15992E+01
3.671099E-01,2.14951E+01
3.924405E-01,2.13273E+01
4.195189E-01,2.10644E+01
4.484657E-01,2.06582E+01
4.794098E-01,2.00448E+01
5.124891E-01,1.91067E+01
5.478508E-01,1.76322E+01
5.856525E-01,1.51523E+01
6.260625E-01,1.02292E+01
6.588540E-01,-2.98003E-01
6.692609E-01,-1.24339E+01
6.716920E-01,-2.45681E+01
6.756615E-01,-1.32073E+01
6.819730E-01,-9.82041E+00
6.847146E-01,-1.53958E+01
6.857460E-01,-1.79455E+01
6.888270E-01,-5.13804E+00
6.991080E-01,5.78404E+00
7.154399E-01,1.37642E+01
7.648052E-01,2.45976E+01
8.175768E-01,2.97070E+01
8.739896E-01,3.25139E+01
9.182600E-01,3.29938E+01
9.323150E-01,3.18535E+01
9.342948E-01,3.12765E+01
9.360630E-01,3.00986E+01
9.416850E-01,3.21316E+01
9.557400E-01,3.40977E+01
9.790200E-01,3.53823E+01
9.940050E-01,3.54177E+01
9.987612E-01,3.39244E+01
1.003995E+00,3.59190E+01
1.018980E+00,3.73675E+01
1.067676E+00,3.97178E+01
1.121708E+00,4.11467E+01
1.138877E+00,4.11545E+01
1.141345E+00,4.10201E+01
1.143455E+00,4.07001E+01
1.150323E+00,4.14707E+01
1.167492E+00,4.24232E+01
1.220098E+00,4.39835E+01
1.304285E+00,4.55566E+01
1.394281E+00,4.66886E+01
1.490486E+00,4.75513E+01
1.593329E+00,4.82356E+01
1.703269E+00,4.87650E+01
1.820795E+00,4.91379E+01
1.946430E+00,4.93845E+01


2.080733E+00,4.95404E+01
2.224304E+00,4.96205E+01
2.377781E+00,4.96630E+01
2.541848E+00,4.96398E+01
2.717235E+00,4.95830E+01
2.904724E+00,4.94927E+01
3.105150E+00,4.93460E+01
3.319406E+00,4.90369E+01
3.548445E+00,4.86191E+01
3.793288E+00,4.80668E+01
4.055024E+00,4.72888E+01
4.334821E+00,4.60511E+01
4.633924E+00,4.32904E+01
4.686556E+00,4.22221E+01
4.758289E+00,3.89074E+01
4.777418E+00,3.50859E+01
4.806111E+00,3.88484E+01
4.877844E+00,4.20237E+01
4.953664E+00,4.30390E+01
5.001626E+00,4.32058E+01
5.078182E+00,4.23055E+01
5.098596E+00,4.05721E+01
5.129219E+00,4.26732E+01
5.205774E+00,4.47523E+01
5.295467E+00,4.57697E+01
5.343744E+00,4.60586E+01
5.425536E+00,4.59458E+01
5.447347E+00,4.51763E+01
5.480064E+00,4.63112E+01
5.561856E+00,4.76166E+01
5.660855E+00,4.84989E+01
6.051453E+00,5.05102E+01
6.469004E+00,5.17598E+01
6.915365E+00,5.26129E+01
7.392525E+00,5.32022E+01
7.902609E+00,5.36109E+01
8.447890E+00,5.38997E+01
9.030794E+00,5.41224E+01
9.653919E+00,5.43248E+01
1.032004E+01,5.44259E+01
1.103212E+01,5.44732E+01
1.179334E+01,5.44466E+01
1.260708E+01,5.43916E+01
1.347697E+01,5.43183E+01
1.440688E+01,5.42329E+01
1.540095E+01,5.41397E+01
1.646362E+01,5.40413E+01
1.759961E+01,5.39394E+01
1.881398E+01,5.38345E+01
2.011215E+01,5.37261E+01
2.149988E+01,5.36131E+01
2.298338E+01,5.34914E+01
2.456923E+01,5.33563E+01
2.626450E+01,5.31993E+01
2.807676E+01,5.30051E+01
3.001405E+01,5.27236E+01
3.208502E+01,5.22415E+01
3.387017E+01,5.11766E+01
3.429889E+01,5.03220E+01
3.438859E+01,4.99447E+01
3.452684E+01,4.84666E+01
3.473421E+01,4.99634E+01
3.525263E+01,5.13169E+01
3.666551E+01,5.24379E+01
3.919543E+01,5.32174E+01
4.189992E+01,5.36296E+01
4.479101E+01,5.38905E+01
4.788159E+01,5.40650E+01
5.118542E+01,5.41809E+01
5.471721E+01,5.42583E+01
5.849270E+01,5.43087E+01
6.252870E+01,5.43398E+01
6.684318E+01,5.43573E+01
7.145536E+01,5.43963E+01
7.638578E+01,5.43945E+01
8.165640E+01,5.43894E+01
8.729069E+01,5.43768E+01
9.331374E+01,5.43600E+01
9.975239E+01,5.43409E+01
1.066353E+02,5.43206E+01
1.139931E+02,5.43000E+01
1.218587E+02,5.42794E+01
1.302669E+02,5.42592E+01
1.392553E+02,5.42397E+01
1.488640E+02,5.42210E+01
1.591356E+02,5.42032E+01
1.701159E+02,5.41866E+01
1.818539E+02,5.41709E+01
1.944018E+02,5.41564E+01
2.078156E+02,5.41428E+01
2.221548E+02,5.41302E+01
2.374835E+02,5.41186E+01
2.538699E+02,5.41079E+01
2.713869E+02,5.40981E+01
2.901126E+02,5.40890E+01
3.101304E+02,5.40807E+01
3.315294E+02,5.40732E+01
3.544049E+02,5.40662E+01
3.788588E+02,5.40599E+01
4.050001E+02,5.40542E+01
4.329451E+02,5.40489E+01
