6.432000E-02,2.7373E+00
6.477028E-02,2.8683E+00
6.528000E-02,3.0230E+00
6.923942E-02,4.4855E+00
7.401695E-02,6.6806E+00
7.912411E-02,8.5363E+00
8.458368E-02,9.6404E+00
9.041995E-02,9.9217E+00
9.665893E-02,9.5457E+00
1.033284E-01,8.7673E+00
1.104581E-01,7.8187E+00
1.180797E-01,6.8627E+00
1.262272E-01,5.9916E+00
1.349368E-01,5.2451E+00
1.437660E-01,4.6587E+00
1.442475E-01,4.6310E+00
1.459665E-01,4.5353E+00
1.465533E-01,4.5038E+00
1.474335E-01,5.5082E+00
1.496340E-01,5.4034E+00
1.542005E-01,5.2082E+00
1.648404E-01,4.8526E+00
1.762144E-01,4.5958E+00
1.883732E-01,4.4226E+00
2.013709E-01,4.3179E+00
2.039380E-01,4.3047E+00
2.070595E-01,4.2913E+00
2.078919E-01,4.2883E+00
2.091405E-01,4.6957E+00
2.122620E-01,4.6923E+00
2.152655E-01,4.6913E+00
2.301188E-01,4.7129E+00
2.459970E-01,4.7685E+00
2.629708E-01,4.8475E+00
2.811158E-01,4.9411E+00
3.005128E-01,5.0418E+00
3.212482E-01,5.1427E+00
3.434143E-01,5.2375E+00
3.671099E-01,5.3204E+00
3.924405E-01,5.3862E+00
4.195189E-01,5.4308E+00
4.484657E-01,5.4507E+00
4.794098E-01,5.4436E+00
5.124891E-01,5.4084E+00
5.478508E-01,5.3453E+00
5.856525E-01,5.2553E+00
6.260625E-01,5.1399E+00
6.588540E-01,5.0359E+00
6.692609E-01,5.0016E+00
6.716920E-01,4.9935E+00
6.756615E-01,2.7559E+01
6.819730E-01,2.7119E+01
6.847146E-01,2.6932E+01
6.857460E-01,4.1885E+01
6.888270E-01,4.1543E+01
6.991080E-01,4.0435E+01
7.154399E-01,3.8768E+01
7.648052E-01,3.4400E+01
8.175768E-01,3.0971E+01
8.739896E-01,2.8170E+01
9.182600E-01,2.6334E+01
9.323150E-01,2.5798E+01
9.342948E-01,2.5725E+01
9.360630E-01,2.5659E+01
9.416850E-01,2.9100E+01
9.557400E-01,2.8595E+01
9.790200E-01,2.7794E+01
9.940050E-01,2.7300E+01
9.987612E-01,2.7146E+01
1.003995E+00,2.8757E+01
1.018980E+00,2.8243E+01
1.067676E+00,2.6672E+01
1.121708E+00,2.5123E+01
1.138877E+00,2.4669E+01
1.141345E+00,2.4600E+01
1.143455E+00,2.4542E+01
1.150323E+00,2.5494E+01
1.167492E+00,2.5011E+01
1.220098E+00,2.3587E+01
1.304285E+00,2.1576E+01
1.394281E+00,1.9756E+01
1.490486E+00,1.8107E+01
1.593329E+00,1.6595E+01
1.703269E+00,1.5167E+01
1.820795E+00,1.3829E+01
1.946430E+00,1.2613E+01

2.080733E+00,1.1509E+01
2.224304E+00,1.0509E+01
2.377781E+00,9.5998E+00
2.541848E+00,8.7741E+00
2.717235E+00,8.0226E+00
2.904724E+00,7.2962E+00
3.105150E+00,6.5778E+00
3.319406E+00,5.8878E+00
3.548445E+00,5.2812E+00
3.793288E+00,4.7420E+00
4.055024E+00,4.2430E+00
4.334821E+00,3.7928E+00
4.633924E+00,3.3957E+00
4.686556E+00,3.3332E+00
4.758289E+00,3.2512E+00
4.777418E+00,3.2299E+00
4.806111E+00,1.0612E+01
4.877844E+00,1.0271E+01
4.953664E+00,9.9278E+00
5.001626E+00,9.7191E+00
5.078182E+00,9.4330E+00
5.098596E+00,9.3624E+00
5.129219E+00,1.2947E+01
5.205774E+00,1.2575E+01
5.295467E+00,1.2166E+01
5.343744E+00,1.1958E+01
5.425536E+00,1.1638E+01
5.447347E+00,1.1557E+01
5.480064E+00,1.3252E+01
5.561856E+00,1.2949E+01
5.660855E+00,1.2605E+01
6.051453E+00,1.1420E+01
6.469004E+00,1.0336E+01
6.915365E+00,9.3148E+00
7.392525E+00,8.3751E+00
7.902609E+00,7.5253E+00
8.447890E+00,6.7644E+00
9.030794E+00,6.0747E+00
9.653919E+00,5.4221E+00
1.032004E+01,4.8271E+00
1.103212E+01,4.2915E+00
1.179334E+01,3.8087E+00
1.260708E+01,3.3831E+00
1.347697E+01,3.0070E+00
1.440688E+01,2.6749E+00
1.540095E+01,2.3817E+00
1.646362E+01,2.1226E+00
1.759961E+01,1.8933E+00
1.881398E+01,1.6890E+00
2.011215E+01,1.5075E+00
2.149988E+01,1.3446E+00
2.298338E+01,1.1978E+00
2.456923E+01,1.0650E+00
2.626450E+01,9.4548E-01
2.807676E+01,8.3239E-01
3.001405E+01,7.3122E-01
3.208502E+01,6.4288E-01
3.387017E+01,5.7946E-01
3.429889E+01,5.6569E-01
3.438859E+01,5.6288E-01
3.452684E+01,5.5858E-01
3.473421E+01,3.4633E+00
3.525263E+01,3.3800E+00
3.666551E+01,3.1686E+00
3.919543E+01,2.8388E+00
4.189992E+01,2.5432E+00
4.479101E+01,2.2781E+00
4.788159E+01,2.0335E+00
5.118542E+01,1.8141E+00
5.471721E+01,1.6179E+00
5.849270E+01,1.4425E+00
6.252870E+01,1.2859E+00
6.684318E+01,1.1462E+00
7.145536E+01,1.0200E+00
7.638578E+01,9.0616E-01
8.165640E+01,8.0382E-01
8.729069E+01,7.1056E-01
9.331374E+01,6.2818E-01
9.975239E+01,5.5540E-01
1.066353E+02,4.9109E-01
1.139931E+02,4.3427E-01
1.218587E+02,3.8405E-01
1.302669E+02,3.3966E-01
1.392553E+02,3.0042E-01
1.488640E+02,2.6574E-01
1.591356E+02,2.3520E-01
1.701159E+02,2.0820E-01
1.818539E+02,1.8430E-01
1.944018E+02,1.6316E-01
2.078156E+02,1.4446E-01
2.221548E+02,1.2790E-01
2.374835E+02,1.1325E-01
2.538699E+02,1.0029E-01
2.713869E+02,8.8808E-02
2.901126E+02,7.8648E-02
3.101304E+02,6.9654E-02
3.315294E+02,6.1692E-02
3.544049E+02,5.4642E-02
3.788588E+02,4.8400E-02
4.050001E+02,4.2873E-02
4.329451E+02,3.7979E-02
